4023
7516
3997
3994
2185
6155
6796
4730
5854
5852
299
296
297
290
3779
4655
4657
4651
3685
12013
2261
7884
2265
2448
109
102
103
100
104
8092
4812
2040
4814
4818
2048
7621
6887
14138
14447
9631
8942
9346
8948
16929
3515
7262
6206
6201
14728
98
91
90
92
95
94
97
96
3204
1996
3209
8839
8830
558
2869
3536
14711
5451
5453
3346
5457
6976
1171
4252
5532
1280
14407
8766
7181
8768
4188
12835
8544
8013
5625
6579
4387
407
406
8491
7693
1379
409
3835
8058
5990
11379
8293
7529
5669
10974
11100
13614
13617
2305
2306
2276
11751
9248
9240
7853
7857
7854
5208
7858
171
4534
2058
4533
11622
1501
9406
9408
9333
10392
3520
16936
16937
7214
13546
16938
16939
2693
6811
7325
7326
1968
5198
1964
5194
5197
7328
1610
13265
3674
12951
7668
3350
7663
5448
7068
5444
1763
1760
12482
6963
1141
8159
8624
6968
1148
8620
8150
9373
5503
5500
1546
693
1544
691
8711
8716
8719
7194
13842
8530
5137
7441
7442
7444
7449
5614
7686
1388
413
1257
1387
7689
1383
8444
5007
11563
8449
10334
7534
7536
363
360
1776
385
387
6176
389
6775
4753
5877
5875
3216
3750
2194
4639
251
257
2207
11748
6681
11588
9500
2424
2425
2426
13299
16340
16342
6350
4831
4526
4837
13330
5298
9184
5058
9181
3539
5050
7201
6226
10768
14867
14644
2165
14088
10503
9290
9297
1086
1603
1604
1970
8858
8850
14033
3324
5473
3329
1775
1774
5277
1770
5279
1158
8140
8143
6990
8632
5511
1555
58
14462
54
57
56
2994
50
53
52
2990
8701
7605
8035
8031
8030
5604
8520
8527
11037
6516
429
1397
420
1393
3812
8452
15336
852
4297
7544
13852
7263
6164
12737
4749
4748
6769
10997
4740
5865
229
227
2338
150
156
158
7838
7832
7833
7835
6348
13467
4515
6186
6184
2504
6188
2726
2725
9357
2722
9609
5282
5286
9190
7947
7232
7233
9198
7949
5041
1802
1801
3785
6234
10778
6230
4999
14676
7302
7301
4726
14986
9281
3256
8869
818
11912
2858
2850
3332
3335
1499
14215
8602
1125
6980
15109
2989
2988
2983
3025
527
1016
8735
8731
1235
8042
1232
4199
4197
8282
11003
13567
434
6435
6431
8024
15329
7558
7551
4777
4772
4177
4173
13888
9945
9949
4619
9274
4617
1
5926
5921
5928
5929
147
144
142
143
140
141
5143
4501
7821
7820
2083
11656
2534
2717
1195
2718
7221
7956
7955
9169
7229
3345
5074
7958
1831
1834
2407
6245
5380
5384
5387
14662
14841
14666
1955
1951
8873
3242
3241
13259
820
12906
1483
7031
1481
7034
1486
3308
5495
5490
5253
1710
14193
11125
7788
7789
7785
4977
3012
3010
5941
3016
7143
8720
8723
1004
1002
8500
8507
624
8509
4180
628
5663
5662
5661
8294
6531
4346
4345
4344
2880
2884
2885
15560
7496
7497
7494
8615
8614
8616
3879
10
13
12
15
14
19
18
8187
8180
7764
3900
3158
6746
6743
6742
13896
4165
4163
13893
4161
9301
5803
5800
9952
202
206
4320
8888
2235
7185
10825
5931
5092
7812
7813
3495
7818
13400
4572
3655
2099
2521
11461
9379
2705
2707
4883
9376
4404
4402
2411
6259
2412
2140
6250
924
5397
14832
14835
1920
1923
1924
3271
1929
4226
832
836
835
8884
8885
839
3479
8882
15633
14948
9011
3318
7027
9001
3313
3315
9008
9394
22
5581
9399
1984
15124
7025
3005
61
62
63
64
65
66
67
68
7790
7793
7792
7794
7286
5483
1580
405
7151
506
1033
500
630
1216
636
8063
8060
6523
6525
8269
7483
7482
5656
6528
5654
2899
2895
1458
4081
4082
8403
8405
7573
7577
6415
6414
6411
5724
3914
3913
8315
6735
8313
11491
4153
4150
8081
4154
8083
5839
212
4516
6086
6832
5900
5901
4
5904
7800
7805
7808
13410
3640
60
2552
6399
11675
2556
11678
3006
11472
2390
5011
2773
7979
4419
4418
1856
2170
6060
4969
915
9544
913
912
14044
2606
14824
1933
1425
5126
846
372
3461
8896
7370
13233
11923
14957
14958
1587
7019
7017
9039
5233
15153
15152
15155
756
759
1595
1594
15793
1592
3078
14315
2952
5344
7168
1020
1023
5343
7161
5349
601
4362
8274
15193
8068
3104
5
1441
1118
4093
4094
4470
487
485
8410
481
13619
15468
6462
12414
3921
15017
6724
4786
4722
4780
5823
12520
8091
3856
3857
6656
5912
198
4557
4552
3677
4550
2540
2545
11442
11447
9154
9151
3586
2761
5008
7909
6270
901
4423
7305
1847
4958
2169
6071
4952
2164
9554
4954
2616
9733
14035
13790
9738
5139
3294
5134
3291
5130
855
850
13202
3454
853
3458
858
13209
6
14146
9021
12008
5221
5224
11864
8932
11868
8939
15144
7174
6896
1052
5352
1057
4310
619
12888
4318
8249
8790
8792
8246
8247
11048
14766
3113
8647
8645
8643
8420
5726
11301
11302
497
4221
26
6478
20
21
7599
23
29
3937
8626
10653
8338
6713
4136
3845
3848
12658
6664
5968
7
5963
5966
3660
2281
4549
4543
4544
2579
2577
2573
2378
2376
2370
3593
9122
9124
9127
5037
10301
4430
7911
7917
2118
6040
6046
598
7985
2620
6982
9582
3287
1913
5107
9232
5830
867
12348
2020
2750
2023
12345
2759
881
887
886
9051
5218
8929
3989
77
76
7639
73
72
71
6861
79
78
1042
5364
1044
1048
1680
1688
668
8259
8782
8781
8787
14773
7617
3127
1914
8658
1464
8652
8431
1315
8437
7219
8439
6447
6917
5597
12595
3944
316
315
13196
14891
6700
13194
8321
6707
15225
4125
7436
7438
6676
2324
11511
5674
4361
5970
3615
3616
3617
2291
14978
2564
2366
2363
11426
7295
9138
4445
3723
4684
4683
962
4681
969
6059
5576
6051
2105
5574
2639
2637
2630
7708
9220
876
875
3434
3090
2037
4593
1242
4596
2747
2746
9
4845
4842
890
891
896
11990
3545
1617
13175
5191
15162
6879
6875
6873
6870
5378
5376
5371
1073
13007
8224
4339
673
3137
14584
7609
14749
7601
13103
1415
1416
1328
4209
8139
6456
5766
5767
5765
8130
15180
5565
1524
1525
1254
2395
3416
7731
308
3950
3957
306
11212
4114
8350
6731
74
7422
5947
4060
4064
4065
3050
5782
3608
12182
6114
2358
2359
2352
7870
10928
622
2355
7931
7930
7933
7280
9459
9108
9103
13347
4454
1895
4458
2136
4922
4697
4699
954
11727
6024
2648
5164
5169
14002
2643
9219
6335
6337
4585
4584
2009
4582
10292
11985
8252
8625
10588
8906
11855
716
713
6849
6842
6843
1068
5301
1062
1668
1666
1660
591
8232
15534
6595
8235
6599
12488
3148
2822
2823
5417
3380
14752
1402
1406
1404
1339
1338
1335
6936
6934
8128
8124
8692
39
32
31
30
35
34
643
3091
645
644
3121
338
336
4104
3268
8343
15247
3892
3464
4078
5796
1317
3634
2340
2342
9113
1885
4462
2120
2123
2122
4664
4660
940
4911
6031
6034
5176
5175
5174
2652
2651
133
132
131
7389
137
3413
135
134
7380
7381
7384
2018
4862
2010
9067
2924
10440
3561
3567
13399
8977
6854
2901
6851
705
2909
707
6858
88
11884
14615
83
80
81
86
87
84
85
5310
5314
14294
14920
7683
13029
1651
587
8209
8756
8202
8751
7627
7626
3157
3155
2838
2834
7628
2831
1437
14722
1439
4268
451
453
455
15410
15411
5549
11153
5543
654
655
13528
8372
8373
8574
8575
5893
5895
5896
8573
15258
3886
7405
4912
751
6628
6627
6621
4008
9896
3976
3978
563
3625
11410
2331
11412
2333
2335
4713
12763
3714
3711
13361
13363
2302
6001
4900
4670
11706
994
991
5147
5346
121
122
123
124
125
126
128
4875
4874
4873
12385
2798
130
6316
2792
2793
942
13494
136
1185
10126
5099
138
7242
3577
8184
2667
8969
4493
5075
4498
6820
6828
2931
14605
14603
14283
14934
13039
14939
8818
11092
15085
8212
8215
575
8216
3167
5430
5436
3364
1428
14730
8536
8105
4277
4275
465
461
463
5554
15398
6486
15396
1515
8582
8360
8366
8567
8566
8564
8562
14848
8568
6558
3186
7475
11550
6630
4019
13702
4012
3988
7501
3984
12899
3981
3982
9888
12774
4700
2329
484
282
287
3760
3762
13154
1290
6016
4641
7894
1567
2252
9263
989
9267
10738
9264
9268
10047
114
117
116
111
110
113
112
119
118
4801
2786
9465
2072
6307
2070
6301
11959
9315
3508
8954
8951
5086
9791
9790
2929
2928
14382
2922
6857
2926
8413
5332
5339
1632
1633
1635
8822
8826
8827
13043
706
568
569
2816
15091
8771
8777
7640
7647
6543
3173
3379
1186
5424
5426
1749
729
6495
8171
4248
4247
1169
82
6949
5527
5633
6946
6944
48
49
44
43
41
1562
1296
1295
5022
8394
8551
8556
8009
8005
8007
5638
5634
5637
5630
6548
473
1365
477
7463
7462
1368
