4446,1
3480,2
4418,0
11549,0
2030,3
5982,3
5983,7
10850,7
6796,1
4730,1
13600,3
13607,5
13606,5
6790,13
6791,6
2316,1
4738,1
2315,1
2312,5
6798,4
5854,12
5856,11
4025,1
5852,1
3773,10
3771,2
3777,0
17651,0
3775,14
3779,9
6292,11
4655,13
271,6
13546,0
273,2
4651,10
275,7
276,1
278,7
279,3
4659,8
4658,1
16703,6
12015,8
12014,14
12017,4
12013,8
17252,5
7884,5
7887,13
9258,9
9259,5
9256,10
9257,1
9254,11
9527,11
9520,8
9253,1
9250,3
7620,5
109,14
102,0
103,0
100,14
104,2
6051,0
1373,0
2105,3
10892,0
10005,0
10380,8
344,0
3519,11
16926,10
7269,16
7264,10
7266,1
16929,5
7260,7
7263,0
7262,13
6205,13
6206,1
6201,3
2685,7
2680,7
12238,13
6809,0
6804,5
2630,6
10563,1
98,7
9743,2
91,10
90,14
92,12
95,9
94,14
97,4
96,14
349,10
3012,0
8839,11
8830,0
13054,6
8832,12
3016,13
7676,14
7677,0
7675,11
1755,7
1177,1
1175,7
1171,1
512,7
1281,0
1280,10
11164,8
14407,3
1289,1
1288,0
11162,4
1002,11
7188,11
8767,1
8766,1
689,12
685,13
7181,14
7182,3
686,0
681,1
8768,7
683,8
682,13
13835,4
13832,3
4188,13
3434,3
13839,11
8549,10
12835,10
8018,0
8545,11
8544,3
12839,0
12838,13
8013,3
15283,5
15282,13
7452,3
8055,10
5629,11
5628,2
5625,0
2035,3
5620,1
8491,14
4180,0
4596,1
8499,4
4183,13
4732,0
4182,1
2746,5
5991,3
5990,1
11579,1
5992,5
4736,10
6793,11
15007,13
4735,1
6534,11
10487,0
13609,8
6533,1
1244,3
4348,0
393,1
392,7
391,10
390,5
397,1
395,13
394,1
399,13
398,7
2309,5
1227,1
13619,3
13614,10
2302,3
2305,0
4720,11
4723,11
4722,4
5843,10
5841,18
5849,7
11286,5
14902,8
3745,5
13531,5
244,1
247,11
246,1
241,1
240,3
242,3
4628,14
248,5
12008,3
12006,5
12001,6
10465,1
9248,3
9537,3
9240,3
9242,13
9244,3
9246,3
179,10
178,2
177,0
176,3
174,16
172,11
171,1
170,15
3698,10
3697,13
10391,5
10392,1
10393,10
3522,1
3520,8
1501,3
3528,10
3529,11
16936,3
16937,3
7214,7
4657,0
16938,3
16939,3
12226,1
13547,0
6213,5
6212,11
6211,8
274,14
2693,0
2692,1
6218,1
6819,8
6818,3
13542,0
14873,13
6811,0
6810,7
6813,10
9754,7
10579,5
16704,6
10575,9
10571,13
13067,0
8841,9
8843,8
8847,1
7668,1
1223,14
17830,3
7660,8
7663,13
7664,7
17837,3
1222,6
1762,9
1763,12
1760,15
1141,3
1146,4
1148,0
6358,3
1546,3
693,14
1544,0
691,1
1542,2
1543,11
695,1
14470,0
698,8
11112,3
11116,8
8711,0
8712,5
8713,11
8715,13
8716,10
1781,10
8718,1
8719,0
7194,14
12473,11
13843,9
13842,3
13844,4
8538,7
8028,14
15310,3
15298,13
8530,14
8531,0
15294,8
1787,10
7883,5
8024,8
8537,8
7441,8
7440,11
2649,1
7442,0
7444,0
7449,1
5611,10
5614,3
18,7
6001,1
12479,13
11569,13
11562,11
11563,14
4280,5
4287,2
4285,8
380,8
381,7
382,22
384,3
385,4
386,6
387,1
388,2
389,5
6778,4
6779,7
6774,10
6775,3
4752,14
4753,4
4755,14
16011,10
16010,10
9966,3
5877,11
5875,7
11292,3
11294,11
3750,3
3755,10
3756,11
4632,2
2192,1
2193,10
2194,15
4636,8
2197,5
253,2
13528,3
251,1
256,5
257,14
254,0
255,10
11740,7
11741,13
11746,10
11747,4
11748,3
12037,3
9500,0
9504,9
13299,3
168,7
169,8
164,5
167,7
160,11
161,13
13296,5
13297,5
3682,0
3685,0
4762,0
2518,6
2519,1
2514,11
2515,14
6740,6
2735,11
6743,1
2732,1
2733,8
6742,3
16530,3
3530,7
9184,11
5058,5
5059,3
9181,9
3539,1
3538,8
5057,5
5050,0
6887,1
7202,3
7201,14
7204,10
674,1
10763,8
10762,8
6226,1
12214,8
10768,3
6229,4
3586,0
14867,3
14864,3
14646,11
14644,3
13897,5
14649,4
13894,0
9766,14
10636,3
4163,7
10503,3
10502,3
10504,13
13893,3
13073,11
4161,10
15508,3
808,10
4346,0
803,10
802,4
8851,11
8850,1
8857,10
804,11
14138,0
13898,0
1775,10
1774,0
1776,0
1771,0
1770,0
10183,8
1778,1
1158,3
1156,10
378,1
15116,3
1550,13
1552,5
1555,8
1556,3
14462,7
3035,5
11100,3
14464,3
8701,3
8704,9
13852,3
13853,10
8031,9
8030,14
8038,0
5604,0
5601,7
5602,0
8523,1
8522,1
8520,10
8527,3
5608,2
13567,3
7389,14
15987,0
15335,12
15334,1
6426,0
15336,13
13988,13
12453,13
4294,11
13986,14
12459,4
4290,10
7261,10
3516,1
3515,1
6368,9
4749,3
4748,0
6769,3
6765,11
4740,5
4745,13
4744,0
16002,3
9976,10
5869,9
5868,0
9970,8
5865,11
2689,11
16736,1
2182,13
2180,7
2186,1
2185,13
227,11
2189,5
2188,8
222,14
220,14
3955,7
12239,13
6453,8
6904,1
12424,1
8687,12
150,10
153,10
152,2
155,11
154,5
157,1
156,14
159,13
158,11
6456,1
4202,10
1161,11
8688,11
8689,0
16115,5
8131,14
6187,14
6186,3
6184,10
6180,0
16110,13
2504,5
2502,5
2501,11
6188,0
2727,11
2726,2
2725,0
2724,0
2723,6
2722,0
2721,1
9191,14
9190,5
7234,22
7947,3
7232,3
7233,5
5049,0
7943,3
9199,14
9198,13
5045,0
7948,1
7949,10
5041,3
10371,0
10562,3
10772,10
9516,7
6238,5
6235,5
6234,1
10778,3
10779,3
6230,1
6233,1
14851,13
14857,13
14855,0
14854,11
14676,3
14859,8
11821,13
11823,13
10518,5
9777,5
7932,5
10514,13
9772,11
8866,2
1524,14
14983,8
8860,1
14986,5
14989,4
13084,4
13083,4
8869,4
818,12
815,9
10090,10
1700,11
1702,0
1705,11
5261,8
2094,3
14181,6
14182,13
2632,11
697,0
1128,2
1129,14
1125,7
1126,0
14455,10
14452,10
15109,3
15100,11
3028,10
3025,0
3024,12
3020,7
8738,14
3952,11
8737,11
8735,0
8731,14
12595,13
8042,12
3950,0
8512,7
8046,11
4199,12
8048,4
4197,1
13864,5
4193,4
8518,0
8519,3
5673,5
5674,3
5675,9
5676,9
346,3
8833,5
340,2
15326,14
15327,8
6435,10
8196,8
6432,13
6431,11
8195,11
6439,1
15329,4
2869,14
4777,1
13645,4
4772,3
4771,11
6751,4
6757,7
6755,7
9947,14
9945,3
9949,12
16033,10
10354,9
5067,7
4619,13
13509,13
12055,8
239,3
12057,13
234,1
4610,2
4613,8
237,11
230,5
231,5
4617,14
233,13
5063,3
7425,2
2458,10
4882,5
147,3
144,0
145,0
142,0
143,3
140,3
141,3
9375,0
148,11
149,10
9376,5
16696,1
2532,1
2533,12
2534,14
2713,5
2710,9
5453,10
2717,14
2715,3
1195,3
2718,11
7221,1
7956,11
7955,0
7225,12
9169,3
7229,1
5070,7
3345,0
5074,1
10696,5
16969,3
3090,3
6249,5
10748,13
6240,13
6241,11
6243,11
6244,12
6245,13
6246,9
5380,13
5381,1
5384,13
10522,0
5386,1
5387,13
14844,3
14662,0
11835,2
11832,8
14841,3
14666,3
14667,7
8873,13
14996,8
13097,1
14998,9
13093,0
829,1
828,9
820,10
823,10
822,13
6607,0
8161,11
9384,11
5253,13
14198,5
1710,1
791,6
14192,9
14193,0
5259,13
2145,4
2412,3
4252,10
1132,1
11120,12
4974,11
11123,13
11125,0
14447,3
15136,8
6250,3
7149,11
17975,0
3010,12
3011,7
7140,0
3017,0
7142,0
3015,4
8729,1
8720,1
8723,1
6254,1
8724,5
13878,8
12876,13
8505,10
8507,8
8509,5
8508,0
8059,11
8058,3
4185,11
4184,14
5663,0
5662,14
5661,7
5667,10
5664,10
5669,11
2883,4
2880,0
2886,14
2884,13
2885,3
7493,1
2888,1
7496,12
7497,7
7494,13
5398,11
11806,0
14689,4
6402,2
10,0
13,0
12,10
15,1
15316,12
6404,8
15314,13
19,14
8184,5
15319,8
8186,11
8181,8
8180,13
8183,3
7764,1
7765,1
7762,7
7763,4
3900,1
3908,1
4760,5
4763,0
6746,10
4765,5
13655,14
4767,3
4766,0
13658,5
6748,11
11247,0
10816,10
5808,10
5803,1
4321,9
5800,14
9953,3
9952,5
201,9
200,14
203,1
202,8
205,1
204,5
206,1
1573,1
684,3
4320,12
8888,3
12048,11
12049,7
687,1
1570,10
3472,11
7185,14
7813,13
838,3
3479,0
3659,11
3655,0
3653,5
2525,10
4092,13
2521,14
2529,2
11461,3
11462,0
5065,9
10355,4
10356,5
5061,0
10352,5
2705,13
2707,12
4883,0
10358,6
2700,13
4886,1
4887,8
7962,8
7963,4
3091,1
17150,4
17156,14
9177,7
9175,5
10681,7
7143,0
13318,7
4404,14
4402,0
928,8
17080,6
6259,0
12318,9
12262,5
12261,6
924,1
6255,9
927,13
5393,1
5392,8
5397,13
14236,3
14832,5
14835,3
14834,10
14836,1
9718,4
9715,11
832,5
833,0
831,5
836,5
837,13
834,13
835,1
8884,8
8885,12
8886,3
839,3
8881,1
8882,12
5571,0
15042,4
4389,1
15635,13
784,1
785,7
9394,0
9393,1
9392,5
783,10
6591,14
5244,10
6575,1
789,8
9399,10
9398,3
15124,13
7931,0
6579,3
15121,8
15128,0
3005,0
3006,3
14307,3
3003,1
3009,4
3008,18
7286,2
7285,14
406,0
1583,1
1580,3
1586,10
1587,1
7151,12
7150,11
404,0
9104,0
7288,1
7692,5
8068,0
7693,3
8063,13
8060,12
7480,5
7483,5
7482,0
5656,10
5657,4
5654,5
5655,11
7489,5
5650,13
5248,3
2899,11
2895,14
2890,13
1104,4
13163,5
1453,3
1458,13
17650,0
11855,0
1720,5
5242,1
13049,0
4458,12
15309,8
6415,6
6414,1
6416,1
6411,14
6410,11
6413,7
7777,1
680,4
3914,0
3913,5
3911,4
3910,0
3918,2
8314,10
8315,0
8316,5
8310,8
6735,1
6736,4
8313,8
4797,0
4792,1
5837,4
5834,18
5830,3
5831,13
11254,3
11250,9
5839,14
12293,13
9925,3
216,13
215,7
212,1
213,4
211,0
10883,10
219,10
11785,5
11576,13
6086,13
138,13
6832,3
11789,13
6081,14
11727,0
4,15
3646,2
3640,1
2551,1
2552,14
2555,3
2556,1
7798,1
12788,11
11472,3
3001,1
5011,14
5012,8
5017,7
4893,4
2773,1
16415,4
16946,12
16945,12
16416,4
7979,14
7978,1
9143,0
9492,11
9141,12
9494,3
9496,6
7972,3
12257,0
12256,10
6264,9
7792,13
4419,8
12250,8
4417,11
4416,1
4414,0
13302,4
4411,11
6269,8
17091,6
915,7
9544,0
913,13
912,14
14003,0
9721,10
14821,8
14824,0
2646,1
3942,1
373,2
846,13
3464,0
8899,0
3460,0
8897,9
8896,1
8891,7
3468,1
7152,11
10542,0
1739,7
1738,2
1730,3
5233,5
4904,0
11815,13
13125,11
15809,4
15808,4
15802,13
15801,1
15800,1
15153,3
15152,3
15155,3
15936,5
3070,11
1594,1
1597,11
1596,23
1591,13
3075,10
1593,0
3077,9
3078,6
14315,3
14316,0
7168,3
7161,1
7166,10
1037,13
1035,1
12899,3
631,1
8071,8
8072,3
8074,6
5649,10
5641,3
5640,3
5642,9
5644,5
13868,8
1217,8
1214,14
2003,11
1111,1
1445,0
1112,5
1443,0
1442,8
1441,12
1116,5
1118,5
489,4
488,13
487,0
485,1
484,1
483,3
481,11
480,5
12419,3
12418,13
6461,2
6462,3
12412,13
12415,13
12414,10
6466,3
6789,9
7747,1
6525,1
7748,3
4850,5
8269,0
3922,1
13617,14
3299,11
3927,8
3925,13
4721,1
3928,11
6723,3
8306,13
6720,3
6727,11
8302,11
6725,2
4788,8
4787,1
4786,3
2306,1
4780,14
5821,9
5823,13
5826,5
5829,11
5828,0
11267,11
11264,0
4374,14
14913,3
4306,11
6916,1
6091,8
6090,8
6093,5
6094,1
3294,6
5848,7
199,7
198,1
195,10
194,1
197,10
196,10
191,2
190,11
193,10
192,3
3672,1
3677,8
3674,1
2540,3
2545,10
9678,13
2548,3
11442,3
12799,8
11447,3
11446,4
11445,11
10332,0
3581,0
2769,10
5000,9
3584,8
5006,14
10334,3
5004,14
3588,10
3589,5
2761,1
5008,1
9159,0
9158,8
16407,6
16952,12
9483,0
7904,0
16408,6
9484,5
12240,11
6270,1
901,1
906,4
904,3
12247,3
13333,8
4423,9
270,13
4421,13
9554,3
4625,1
4080,10
9733,3
9737,0
13790,3
9738,13
4627,11
4082,10
3452,4
3453,5
3456,2
3454,0
3455,0
3458,0
3459,14
858,5
6,0
8904,5
14145,0
14146,12
14141,0
13161,3
11751,0
5223,1
5222,1
5221,13
5220,0
5224,4
8934,2
15819,3
14815,9
13116,5
8932,10
8933,1
11868,14
15813,4
15814,4
8939,10
15144,2
15148,13
15149,3
14369,5
7174,5
7176,12
7173,2
14493,14
14497,0
14364,8
14366,9
1696,1
1697,1
1694,3
1692,7
1690,10
716,7
1699,0
12888,3
12889,11
14767,3
14766,12
14762,11
7579,1
1477,4
1474,7
1478,5
1479,1
1305,8
1307,1
1301,8
15300,12
498,13
499,10
495,9
4226,4
497,1
4221,0
492,1
493,25
5586,3
5587,7
26,1
6478,10
20,1
21,1
22,1
23,4
15362,5
6471,7
6477,10
29,11
6474,3
7759,1
7752,8
3939,10
3935,11
3937,3
3933,14
3932,3
13689,6
11277,0
6718,11
6719,13
6716,0
13682,3
8338,12
6715,27
6713,1
6711,3
1060,11
8500,7
7857,14
1062,1
17285,0
13288,0
5584,3
7858,1
4044,11
4047,13
13753,13
4048,13
4049,0
8485,11
3664,4
3667,5
3661,0
3660,1
2280,0
2281,1
2283,13
2284,1
2579,0
2577,0
2572,2
2573,8
17306,3
15970,6
10903,0
11456,10
11457,12
11453,9
3593,1
9122,14
3597,7
10309,11
3594,5
5036,9
5037,0
5035,14
5033,11
10301,0
13324,14
6593,11
4430,0
13323,14
17122,0
7911,1
7917,3
7916,0
7914,5
977,1
976,11
4618,9
973,11
1081,8
11622,0
6287,8
6281,8
979,1
183,5
9400,9
186,0
187,3
184,7
185,3
188,0
7985,14
4322,11
9408,1
8082,1
3445,1
862,11
867,1
2754,22
2755,13
2020,14
2753,13
2750,13
2023,0
2758,3
2759,5
5216,1
10471,13
5838,10
5211,7
14152,3
5218,3
14800,8
8926,13
8923,10
13104,12
8929,1
13103,3
3386,2
15177,0
14489,1
3058,11
3059,8
7109,13
3050,11
1680,0
1684,2
1688,3
14772,4
14773,3
1465,13
1464,12
1317,14
7218,2
1315,10
1314,8
5152,3
7219,1
1319,3
15357,8
6447,6
15355,5
6917,5
6442,10
6443,1
6441,10
13926,3
13927,3
13924,13
13925,6
15429,4
15428,11
12439,0
6449,11
8626,3
5594,3
5597,11
5598,3
7729,18
7723,7
7725,5
7727,0
319,5
318,7
13692,7
13693,13
313,10
3941,13
311,0
3944,7
316,0
315,3
314,1
6709,7
11205,8
13195,13
6700,3
8327,5
8326,14
8321,3
8320,11
6707,13
1338,5
6217,11
443,11
10717,6
6237,10
17405,8
12220,9
4495,0
2696,10
4051,0
4058,10
8699,8
15406,4
3614,7
3615,11
3616,10
3617,10
2292,1
2291,3
8128,5
8694,9
15409,8
5902,11
2564,0
2566,1
10917,7
5901,0
15701,3
11421,7
11420,1
8120,13
11426,3
9132,3
7924,13
7925,10
7294,10
9136,8
5021,3
7299,1
5022,14
7704,7
13350,11
4442,14
4445,12
13357,11
964,5
965,9
960,7
962,3
6296,3
6294,8
969,5
6290,13
32,4
5574,8
7708,0
3438,8
3439,10
878,3
876,0
877,1
875,10
872,10
873,13
871,5
2037,11
4593,3
4590,25
2742,1
4848,5
2744,3
2747,14
4595,1
2748,1
4598,3
4599,8
4841,14
4842,13
2038,7
647,11
13979,5
5202,11
11990,3
11993,12
11996,10
3235,19
13410,3
8912,11
13178,0
8910,0
8914,14
5194,13
13172,1
13175,0
5197,1
13177,14
13176,5
11195,11
15160,4
7328,0
15162,3
3048,3
7115,8
3040,9
3044,1
3047,11
643,0
1674,10
1671,1
1095,3
14742,9
14746,9
14745,13
14749,1
14748,8
1415,12
1416,3
1323,1
644,9
1328,3
6451,5
8683,14
4208,9
12423,0
8138,3
8139,0
6901,4
12427,12
6459,0
4200,1
4201,1
8130,13
4207,7
5569,8
11477,13
5565,10
5566,14
5561,7
5562,5
7738,11
7731,1
7736,8
308,12
309,1
301,0
302,6
303,11
3957,11
305,14
306,4
3954,7
11212,3
8359,1
11210,13
8350,13
8352,14
8357,28
13773,1
4060,0
4061,11
4066,3
4064,14
4065,14
4068,10
5784,5
5786,23
5787,1
5780,13
5782,14
9686,0
3602,13
3600,13
3607,11
3605,7
3608,13
16947,12
6073,5
6114,13
6116,10
6117,1
12741,7
6111,0
6113,1
16944,12
5442,10
11432,11
3332,3
10928,4
7283,14
7930,14
7933,7
7280,3
9459,14
9108,13
9106,9
9456,7
10670,9
9103,3
9100,12
9101,2
4453,14
4451,2
13347,3
4454,5
16982,12
4459,5
16980,12
958,11
9493,11
951,1
12290,13
954,1
7411,1
3420,13
3425,1
6335,3
2000,10
12166,3
4209,3
4588,1
12163,13
2005,14
4585,13
4584,0
2009,12
12168,13
4582,3
12482,14
14177,3
6963,0
9676,10
12259,5
11982,7
10104,13
11980,11
4410,11
11986,6
11985,5
4247,0
2170,13
11858,14
8624,4
13168,5
8908,11
8625,1
8905,11
10588,3
8907,13
8906,15
11854,3
8154,7
11856,11
8902,13
14352,5
4969,3
11184,13
7128,12
17098,3
7120,13
1668,0
1666,3
1665,13
1660,10
591,7
1086,3
593,1
592,0
595,11
597,1
598,10
12984,4
2829,3
2824,13
2825,9
2820,10
2822,0
2823,3
5414,5
3387,11
5416,11
5417,3
3380,0
628,1
14755,13
14752,3
1402,13
1406,12
1405,13
1404,4
14479,12
448,5
13900,1
13901,14
1335,11
442,1
441,1
440,1
447,3
690,3
445,10
444,1
15402,7
15400,13
6936,3
6937,13
6934,3
18102,6
8695,12
696,1
8697,14
8124,3
8691,3
8690,5
8692,0
7706,11
39,1
5577,14
5576,7
31,1
30,1
35,15
34,3
10780,5
699,10
339,13
338,1
334,10
337,14
336,1
331,0
333,0
332,11
8349,11
11229,1
11228,4
8343,0
8341,13
8347,3
1295,13
4078,7
5797,6
5796,10
3964,11
3963,11
7370,13
3636,6
3634,0
3635,1
3632,0
11407,13
11403,3
6109,8
11400,13
6102,11
11408,11
10936,3
16994,12
16992,12
16993,12
9113,1
9115,0
9442,8
12286,12
12287,5
12280,10
13379,7
13375,5
4462,13
13371,0
948,0
946,0
947,7
6108,3
942,10
940,3
7958,4
3416,1
3412,7
3413,3
8532,5
14953,10
8027,8
12175,0
2019,5
6322,13
12170,0
12171,0
4862,1
2014,1
4866,8
2010,13
11025,10
14107,5
14504,10
9663,13
9662,4
10440,0
13154,3
13152,8
8972,9
8976,11
8977,0
17901,13
17902,13
7132,3
7135,3
9039,0
7686,0
416,0
1658,1
7683,11
1651,7
1656,1
1657,10
1654,1
411,0
586,1
587,0
584,11
585,3
582,3
583,1
580,17
588,5
589,10
12990,5
2838,6
12998,5
2836,3
2835,1
2834,10
2831,1
3391,13
14728,3
5405,5
3395,4
3397,0
3396,0
3399,1
14722,13
14724,11
1438,2
1439,10
4237,7
1383,3
7089,5
1348,8
4262,7
450,10
451,11
1342,4
453,1
454,3
455,3
456,12
457,12
15419,11
18110,1
18111,1
6925,7
6924,1
8110,9
8111,6
15410,3
15411,3
5549,1
7716,20
5542,4
7718,11
5544,8
5545,3
8596,0
8594,5
8372,14
8373,0
8371,13
5893,0
5894,13
5895,0
5896,13
13574,0
4915,0
4660,12
4913,11
4008,10
13712,3
4004,1
4005,13
4006,13
4007,12
322,13
323,14
320,1
321,8
326,11
327,1
324,9
325,23
3979,0
3978,3
328,12
329,3
9898,0
3629,8
3623,11
3625,14
3627,10
3626,13
16617,5
16616,5
11410,7
1595,3
11412,12
11417,3
12763,3
6130,3
6137,11
16298,13
10940,13
16477,0
16476,0
16475,0
16474,0
16472,13
9473,0
1592,3
9474,0
4479,3
13361,10
4473,9
13363,10
4474,1
5175,1
13824,13
9202,11
2248,5
2245,1
2246,12
2247,3
2465,4
2650,10
6444,1
1920,1
2468,7
2469,5
9208,3
5347,4
3404,6
367,0
7537,5
4875,1
4874,3
365,7
4870,8
4873,0
7531,8
4879,5
131,6
7530,5
2068,10
6313,8
6310,4
6311,1
6316,13
12146,11
2792,3
2793,12
6318,2
12148,0
13497,14
13494,0
2067,1
5349,0
10128,5
9308,7
9655,13
9305,5
10120,4
10127,13
9301,0
10125,14
7381,0
13144,4
13147,5
17004,5
8969,13
8963,5
12554,6
13910,0
1640,1
7681,1
579,14
578,1
604,3
570,5
577,1
575,11
4366,5
15645,4
601,3
15647,9
12961,3
2804,11
4360,1
7096,5
7097,5
5430,11
7095,5
1425,4
1424,0
1427,7
7091,10
3364,13
1428,0
14730,1
4362,12
8536,0
3361,6
6324,1
5456,10
2018,5
13962,13
4272,11
4271,10
469,1
468,21
4275,13
8102,7
465,4
4369,10
467,3
1350,12
461,7
460,8
463,1
1354,2
6958,0
15468,12
15398,3
5550,1
5552,7
15393,1
6483,0
15463,13
15462,5
15397,4
15396,11
6484,9
4885,0
8588,7
8582,3
8584,7
8360,1
8364,14
8366,5
8368,13
6771,7
4277,11
6556,11
6551,1
6558,10
11298,6
8216,8
3186,1
3180,3
3182,2
723,3
6321,0
4019,8
11394,13
13702,5
4012,1
13700,3
4017,11
4016,4
13704,10
357,3
7506,11
4856,13
3988,5
3989,11
3984,10
10448,10
3986,10
3980,3
3981,7
359,6
358,13
16603,3
12774,5
12770,13
6120,12
6123,11
289,10
288,8
10959,0
281,0
280,19
10950,8
282,7
285,1
284,8
287,3
286,5
1440,4
3567,14
2191,2
13520,2
4630,0
2256,1
2253,1
2252,1
2251,7
2475,3
2473,13
2471,4
2470,21
7874,0
7870,3
7872,3
7873,5
250,7
4801,1
2786,3
4805,9
9465,5
9466,7
12159,11
9463,1
2073,10
6304,11
10608,5
2070,14
6301,7
6302,1
10137,12
11959,13
11951,8
952,8
14120,13
9319,11
9316,5
9647,0
9640,11
8956,1
8957,0
8954,12
8953,8
8951,3
9791,11
9790,3
6854,4
14382,12
14381,4
6857,3
6856,10
6851,1
6850,1
3214,7
3215,1
3216,1
1633,12
1635,1
1981,8
1638,10
1639,1
3218,3
3219,8
2740,11
706,1
568,3
569,14
2817,2
2816,13
560,5
561,13
563,0
2819,1
565,8
566,14
6858,3
15658,4
14700,13
15656,4
15657,4
15654,4
15655,4
14258,5
7083,13
7084,0
1188,3
3378,4
1186,1
5424,0
5426,14
5421,5
1183,8
5422,7
6495,10
8171,3
6497,3
8173,1
6491,13
6490,10
4248,13
8177,11
8178,1
8179,5
6498,1
15374,5
14615,0
6949,0
6948,3
12417,14
5526,13
5527,5
6943,7
18130,3
6946,1
15474,0
6944,0
14616,13
48,3
49,0
44,10
43,0
41,11
8398,10
8394,14
8390,14
8901,9
6547,13
6545,13
6543,0
15070,6
6540,4
590,5
4391,8
4394,1
6548,5
1366,11
473,0
470,11
1365,1
476,10
477,1
474,3
1361,14
478,13
479,3
1368,3
3198,11
5310,0
4027,4
4024,0
3921,7
4023,0
13730,5
4028,1
11380,0
11386,6
8805,5
7517,12
7516,4
7515,5
347,0
7513,7
162,3
342,1
343,3
3997,9
3994,0
348,1
3992,10
7518,3
16673,0
16674,0
13024,11
13967,4
6155,12
6156,3
3236,2
4845,0
10965,7
10964,7
15440,4
6722,5
10968,1
4527,7
298,4
299,14
296,13
297,12
294,1
293,3
290,12
6726,11
16498,13
6724,11
4837,3
4836,1
8209,3
2268,13
2261,0
8756,4
2264,3
2265,0
2448,0
2449,1
7867,5
7866,0
7865,4
7862,13
7861,8
7860,1
7869,4
12520,15
16819,0
4812,10
2044,1
2043,6
2040,12
4814,9
4818,1
3151,1
2048,0
2049,3
9410,3
9411,11
9417,0
9419,3
7092,2
6374,5
12124,0
12127,3
12126,6
10141,3
10140,5
10412,0
11949,5
10148,11
14135,5
11940,5
4140,5
9329,3
9322,14
9631,3
9321,0
8942,14
9346,5
8946,1
8949,1
8948,0
5483,5
5407,8
1437,8
6882,8
5109,0
5183,17
1621,11
3204,3
3203,1
1994,1
1997,8
1996,0
1998,8
3209,10
14721,3
9183,1
2860,7
559,11
558,12
554,0
557,11
3536,3
551,1
550,1
553,15
14711,11
14244,11
14242,14
5055,7
12947,2
14249,10
5458,9
1198,0
3349,12
1191,14
5451,5
7076,14
7077,7
3346,1
7072,0
5457,1
14395,5
6976,5
4258,1
15445,3
6975,8
15442,3
12496,13
13941,11
13942,13
8168,9
5532,11
5535,13
8385,11
603,11
15043,14
6573,11
6570,1
4388,3
6576,3
6574,12
15044,0
4382,3
4380,1
4387,1
4386,1
4385,10
4384,11
407,0
4268,4
405,13
1372,9
403,10
402,3
401,3
400,2
1379,1
7699,1
409,12
408,9
3835,3
3833,13
8815,0
5130,14
10766,3
3839,3
13721,5
4032,9
4034,6
13726,0
4038,7
11379,14
11376,4
7523,1
7520,5
7524,1
371,1
370,5
7528,14
372,3
374,2
377,1
376,4
15849,5
6143,13
6140,1
12714,7
12718,5
6927,11
6926,5
10974,3
10979,0
16486,13
16485,13
16480,10
16481,10
2274,10
2277,7
2276,13
2271,3
2273,3
2272,7
11595,5
7719,3
5543,8
10803,10
2459,5
3201,4
2453,2
17283,5
7853,0
7851,2
17539,8
17538,8
7854,0
17537,8
17288,5
2051,8
2052,0
4538,8
2057,13
657,1
4534,15
2058,3
4822,11
4531,7
13443,3
4533,1
7980,14
7981,5
6369,3
7983,11
9406,15
9404,9
6363,14
7989,7
12131,4
6365,1
1507,11
9334,5
9330,6
9333,3
9332,11
651,11
3229,1
9620,7
17755,0
17756,0
1979,13
14899,0
14898,1
7330,1
14893,8
13196,3
14891,12
13194,0
4704,0
1974,5
1607,8
1970,10
7324,9
7325,14
7326,1
1968,1
5198,1
7323,11
1964,0
1617,12
3238,9
5196,3
5191,3
5190,11
1610,8
13265,3
8858,5
13263,0
13269,0
2873,2
2872,1
12951,0
2875,6
2878,7
3356,1
3350,0
14275,0
5448,13
7069,10
7068,14
7067,7
7066,0
7064,1
5444,0
8854,1
15450,3
12483,13
12480,13
6962,3
8628,7
6964,1
15456,0
8159,4
15458,5
15459,3
12488,3
8627,1
8620,1
8150,7
6463,1
5508,1
5506,11
6519,8
5503,3
5500,10
5501,10
8228,8
543,2
540,0
541,14
546,10
544,13
545,14
548,13
549,8
14505,14
11024,14
14507,9
6566,8
15053,11
415,10
7685,3
410,1
7682,2
412,27
413,3
1384,7
1385,9
1386,3
1387,3
418,12
419,1
7689,4
7688,0
3827,1
3825,1
3824,0
9154,12
5001,8
8444,7
8445,11
8568,10
5007,0
8448,3
8449,1
3585,14
5005,8
10335,8
8224,9
7538,5
368,1
366,13
7534,1
364,1
7536,3
362,18
363,1
360,3
361,13
2760,7
16128,5
16659,0
16126,0
5277,2
6176,0
6174,3
6172,10
6171,1
10989,11
10988,5
7909,13
10982,2
5279,0
7900,3
2200,1
2201,12
2203,3
2207,12
11586,13
7906,9
6681,0
6682,11
11588,0
6687,0
2422,4
2424,1
2425,1
2426,8
16834,8
16833,8
7848,0
16342,3
7847,3
7846,1
7842,12
4839,0
6357,1
6350,0
13459,1
4831,13
4526,3
13452,6
13450,8
13451,5
3461,0
7991,14
7994,13
9433,5
13330,0
9612,5
5298,8
5299,7
5296,7
6629,11
5290,13
13184,4
13181,9
17746,0
17747,0
17745,0
1810,11
1812,3
12204,13
6075,11
8140,1
2169,3
6991,9
4952,9
8147,1
4953,10
14088,11
1609,4
9293,14
9290,8
7333,11
9297,0
9294,5
1978,0
1603,12
9299,0
3221,5
1604,4
3223,11
3222,10
13276,12
4954,0
13270,11
12923,3
15605,0
15604,3
15607,4
15606,11
15608,4
2843,5
2840,14
5476,14
14032,0
5472,4
5473,5
3329,3
13716,12
3971,10
7056,1
3973,0
7054,8
7055,11
8149,2
3977,3
8636,7
8143,12
8142,1
6990,0
8632,15
8631,0
8146,8
5519,8
5518,8
17393,10
5511,1
2618,9
5517,4
2998,13
2999,5
58,12
2990,5
54,14
57,18
56,3
2994,12
50,1
53,11
52,12
537,0
3034,9
535,12
534,11
533,3
10798,6
539,7
538,4
7340,13
2995,11
5137,3
11104,6
1907,5
14516,3
11037,0
11032,5
11031,5
15021,10
15023,5
6513,1
15024,9
6516,13
429,13
428,1
5131,9
1399,3
1398,11
421,7
420,11
1394,0
425,5
424,11
427,1
426,10
3812,1
3814,9
855,3
8454,0
8453,7
8452,4
8450,0
850,5
852,3
853,14
11355,13
7548,11
7549,3
7541,4
7542,2
7544,10
7545,13
8035,5
1971,3
6165,0
6164,0
12737,13
10997,3
13670,11
3475,2
12769,1
7230,0
2335,10
2210,14
2219,7
2218,3
6691,8
2439,10
2430,10
2437,8
14268,13
13709,5
7838,1
7839,10
7832,0
7833,4
7835,0
12111,0
13469,9
13468,12
12114,13
6347,11
4512,7
6348,12
259,5
4516,2
4514,14
4515,0
9421,13
9420,13
9423,0
11647,9
11646,4
9352,3
9357,0
9604,0
9606,13
9609,3
5282,14
5284,1
17779,0
5286,14
1807,2
3783,7
8999,6
3787,11
1801,0
3785,10
3788,4
4992,2
4999,1
14078,0
14076,12
7302,3
5208,1
7301,10
9289,14
4726,12
7305,6
9285,3
7005,11
9287,8
9286,0
9281,0
3255,10
9283,14
3257,3
18422,3
18420,3
11912,3
11915,11
11914,11
13245,3
11916,13
2858,0
15611,5
15614,1
2850,0
15619,3
1397,5
1492,5
7040,3
3335,14
5466,12
5469,8
1499,3
3339,5
14215,3
14216,5
1393,13
8609,11
8602,0
6986,0
6983,7
6982,2
8604,8
6980,12
4470,12
4137,1
2989,3
2988,2
13112,0
2983,10
2980,11
525,24
527,13
523,0
1014,1
1016,1
528,1
1011,14
1012,5
11864,3
1235,1
1232,7
14810,8
8284,3
8282,2
4350,3
4351,3
8289,8
11003,0
14522,4
15039,14
14526,13
14524,13
15032,8
8938,1
6501,0
15031,0
6506,1
6504,1
1965,4
438,5
2487,10
436,1
437,0
434,3
435,12
432,13
433,4
430,2
431,1
3805,11
3804,0
1966,3
13560,3
15085,12
11349,5
5704,13
5701,0
5702,12
5703,10
7558,14
15084,13
7551,3
7557,3
7556,0
7554,14
6424,11
16109,13
16108,13
12454,10
16107,13
16106,13
6427,13
15083,8
11706,11
4177,0
13883,12
3062,1
9439,10
4178,13
13888,0
3060,7
4297,14
11350,13
7394,0
15339,4
14361,0
991,1
9276,0
7179,0
2220,7
1,3
5925,10
5926,0
5927,13
5920,3
5921,4
5922,0
10832,4
5928,8
10838,1
5355,9
5143,13
13476,4
4501,0
7822,0
7821,8
7820,5
4509,1
5352,14
2082,13
2083,0
2080,10
5350,11
2086,3
2087,1
2085,0
7529,12
11656,3
11654,3
9367,13
8985,0
8980,14
8983,11
8989,11
8988,5
1832,1
1833,1
1831,4
3799,11
3798,12
1834,7
1835,14
3795,3
3794,11
1838,10
3791,10
3793,7
2406,3
2407,13
2403,5
2408,11
2409,0
1955,0
1954,5
1956,10
1951,0
1953,3
14069,5
3248,3
7318,14
3243,12
3242,7
3241,1
7310,8
7312,1
11902,0
11901,9
13259,0
18419,3
11908,10
13257,6
9001,0
12908,7
12906,3
15621,3
7030,7
7031,3
1481,1
1480,1
7034,1
1486,0
1485,14
3309,7
5495,10
1488,14
5490,0
3303,7
3300,1
5493,11
2798,2
4318,14
3157,0
613,3
15488,0
18188,5
1274,11
15480,11
7788,1
7789,3
7785,1
12149,9
7781,7
2063,13
14681,5
2797,23
519,12
518,1
1007,3
510,12
513,13
1004,3
515,13
514,3
516,3
623,4
622,1
621,1
627,0
626,1
624,3
629,5
13715,11
6536,5
6537,0
8293,3
8292,7
8294,7
6531,10
8298,0
4345,1
4344,3
15009,8
6539,3
11019,0
14534,0
8246,14
14537,11
14532,7
8615,12
8614,14
8616,12
15562,3
14568,6
8619,3
14650,3
3879,0
3871,1
3872,11
11337,13
8473,7
7566,1
7567,1
7560,3
5710,10
11484,13
11482,0
13896,15
4166,10
4165,0
9307,8
15407,4
4162,3
13890,11
4169,12
10126,10
8646,11
13143,14
8647,13
2239,5
2235,7
5936,13
5935,4
10825,3
10822,7
5931,0
5092,3
7814,8
7812,4
229,1
3497,12
3494,1
3495,3
3492,6
7818,3
13400,0
4572,0
2096,1
4575,10
2099,11
225,11
11665,4
11664,0
11663,11
11660,8
9782,3
11669,11
11668,11
12476,4
4493,0
4601,1
9379,11
9371,1
9370,1
9373,0
17791,0
17790,0
9377,5
17792,0
1825,24
1824,4
1827,10
1826,11
1822,0
2411,0
2146,10
2413,11
12474,13
2414,8
2140,10
2419,7
4975,5
4977,3
4970,2
3276,3
1923,10
1924,10
3273,10
3271,3
1929,0
7369,8
7364,0
491,7
12315,6
4222,10
13227,6
15638,0
15639,3
14943,5
14942,6
12911,8
15633,3
14948,0
9011,0
3318,10
9005,10
5585,11
7027,1
10229,3
7025,3
3313,10
3312,10
3315,9
3317,14
9008,0
5581,13
12402,8
1984,0
11899,13
18196,3
18195,3
6476,11
60,0
61,0
62,1
63,0
64,3
65,13
66,13
67,3
68,0
7790,8
7793,11
15365,3
7794,3
7797,24
14605,3
508,0
506,0
1033,5
504,9
14601,13
503,1
500,10
501,3
630,1
1213,11
632,8
633,11
1216,12
635,7
636,0
638,1
639,4
15011,13
6523,4
15542,5
6524,7
6527,1
15017,8
4372,5
6528,1
4371,6
8262,11
14549,5
14547,10
9127,0
15496,5
8665,11
15492,1
15493,13
13791,13
4081,3
3869,3
4083,9
4084,8
13794,4
4089,13
3865,13
8409,10
11325,13
8400,0
8402,12
8403,3
8405,0
8407,14
7570,8
7573,12
7575,0
7577,10
14283,13
9814,12
7578,12
5720,3
5726,3
5727,9
5724,0
14934,3
8812,5
6343,11
11491,3
1572,5
4153,4
4150,3
8087,8
4156,8
8081,14
4154,0
8083,4
4159,1
13033,5
4510,8
13467,12
8335,10
16564,8
4713,0
4167,3
6649,8
6644,14
6640,9
6642,5
15433,14
10812,11
5900,3
10810,3
10817,4
5907,1
5904,8
5905,1
8213,1
3489,10
7800,7
7803,11
7802,6
7805,12
3481,7
7808,4
15430,3
4561,4
13411,0
13416,5
13419,1
6399,1
11674,1
11675,0
11678,3
6390,10
2396,25
2395,0
2392,12
9427,7
2390,3
2391,11
2399,5
17788,0
17789,0
17786,0
17787,0
17784,0
17785,0
17782,0
17783,0
17780,0
17781,0
3076,1
3167,13
12539,13
1853,5
1855,0
1856,14
2172,5
5281,10
6066,0
2171,6
6060,12
6061,8
6062,10
4967,14
3161,13
4961,3
14044,13
1421,2
2606,1
2608,3
1933,14
10782,13
1931,23
1422,5
10785,13
3268,14
5126,3
5127,11
5121,10
5122,3
10032,4
17174,5
1426,11
7377,3
7946,11
7375,3
12323,5
9192,11
12327,9
12324,4
13233,11
11923,0
7941,13
14957,7
14224,7
14225,3
14950,3
14227,4
3360,7
14958,2
14737,3
10259,5
9033,8
9036,14
9034,3
7019,0
7017,1
7014,8
7015,7
7012,4
5042,1
10370,5
7239,10
751,13
756,14
759,10
15797,3
15796,3
15795,3
3781,9
15793,3
6881,3
2954,1
2955,14
2950,7
2952,7
2953,1
5344,1
5346,0
1026,7
1020,1
1023,1
5343,3
1800,3
1029,16
1028,11
1197,1
8990,5
8105,13
607,13
606,0
4361,7
600,1
4363,7
602,5
609,11
13960,7
3324,1
15572,3
15571,3
8279,0
8101,11
8274,6
8270,14
3109,7
3104,3
11073,2
13965,5
3325,3
3101,14
3103,8
8671,1
5,3
8674,1
8679,3
12209,0
4093,3
13783,0
4091,8
466,1
4094,3
1562,0
5735,11
5734,14
5736,5
11319,5
8413,14
8410,11
8416,3
12207,14
7589,7
5554,11
7587,26
7580,0
7581,3
6663,5
6664,0
6665,8
6480,12
15206,4
8093,7
8092,3
8091,0
15202,9
6486,3
4147,7
15209,3
15208,11
3856,14
3857,5
3854,10
3855,3
15395,4
3851,1
11145,13
10873,13
6659,7
6657,5
6656,3
12665,3
10808,10
5918,7
5914,10
16178,0
10807,3
5912,1
11301,3
4556,1
4557,3
13424,6
4552,1
4550,11
11684,12
11686,4
11680,9
2383,0
10515,5
3669,11
1949,5
7307,1
4549,0
1847,13
6077,5
3250,1
4958,11
6074,12
12082,14
6071,8
2165,13
2164,3
1512,7
6079,2
2617,13
2616,1
14033,0
7309,11
14035,0
5916,5
1947,14
13430,11
3298,0
3256,0
5139,1
5138,10
10026,13
5136,1
3296,11
5134,8
3291,10
10020,9
1901,10
13204,5
13203,5
13202,15
13209,3
18421,3
14963,5
14960,3
14967,4
14787,8
14784,5
7009,14
10240,5
9021,3
7006,11
8564,0
741,5
746,3
15613,4
748,2
6891,11
6893,1
1608,0
6896,1
2941,2
1050,3
1051,4
1052,1
5353,11
1055,9
1057,3
12548,13
9896,3
4310,5
1279,10
618,7
619,5
612,1
1271,13
610,1
616,13
617,0
614,1
615,12
8798,10
8799,13
8249,0
14560,5
8790,1
15565,3
8792,1
8793,11
15560,3
8247,5
11049,2
11048,3
5460,6
3117,3
3113,3
3112,1
8649,1
15968,0
15969,6
8645,6
8642,5
8643,1
8640,1
8426,19
8420,13
5740,5
5744,1
14210,1
5748,14
9124,5
11302,0
9838,3
9839,13
5038,7
7599,1
7597,3
7596,8
7595,7
5039,3
9892,4
5267,14
10653,3
5262,10
15213,11
4136,15
15219,3
5693,12
3845,14
5694,6
5695,0
3849,11
3848,14
5699,11
13290,3
4432,3
7913,8
16545,3
16544,3
12658,14
4439,10
12655,11
5432,17
5968,11
5969,1
7,3
16145,3
5963,13
5966,1
5967,10
17540,8
13438,3
4541,11
4543,0
4542,11
4544,6
13436,0
5371,10
11550,14
11697,10
11692,4
11693,13
2378,0
2376,1
2370,3
11554,8
1875,7
1873,0
1878,1
4945,0
4940,11
4943,3
5436,14
4948,7
2118,3
6040,0
181,1
6046,11
6044,13
2110,3
2111,2
2113,3
2620,12
2626,13
2627,0
2624,10
2629,12
9582,3
7350,3
7353,3
4018,0
9586,0
9239,7
9584,7
3287,10
9235,1
1913,5
1914,12
9232,7
1916,14
12348,8
12345,13
4011,11
12346,0
14798,11
881,13
887,1
886,14
885,4
884,11
13706,13
888,9
14796,11
14797,11
9051,14
15390,5
9054,7
9055,0
7504,3
354,10
11139,13
7500,0
5792,11
352,7
772,11
779,11
77,10
76,13
74,1
73,1
72,11
71,3
2972,11
6865,3
6860,0
6861,1
79,5
78,4
5362,1
1042,1
5366,7
1046,11
5364,13
1044,0
1048,3
5108,11
7352,8
3982,11
9238,7
9888,0
4302,13
4300,13
8251,8
3289,3
669,10
8252,14
666,1
4309,11
4308,7
663,9
662,5
661,13
8789,2
8788,10
14575,5
14576,3
1910,9
8783,11
8782,5
8781,3
15512,11
8787,1
5100,8
3129,3
17849,13
7331,11
3120,11
7617,0
7610,11
3127,1
5107,10
8658,0
10015,10
8651,5
8652,14
8655,13
8654,0
8657,3
8656,10
8431,12
8437,4
8439,15
3976,0
1505,8
5751,0
5755,1
5199,3
9829,4
6125,5
15190,8
15193,14
15198,13
15223,1
12501,3
15226,3
15225,3
4123,8
4121,14
8511,1
4126,4
4125,13
4124,0
7435,11
7436,0
7430,10
5688,1
5685,10
2752,1
7438,3
5682,6
4707,11
4604,4
6676,0
6671,2
16084,6
16085,6
11514,3
2324,3
11511,5
5979,11
5978,1
5970,11
16154,0
5976,8
17203,3
17201,0
17200,0
14978,1
5252,11
13432,0
3125,11
2369,1
2367,1
2366,3
2364,1
2363,0
2361,14
2585,0
2582,12
13433,14
13284,3
2588,13
1861,10
10952,3
1865,5
5250,9
1869,3
3726,1
3720,10
283,1
3723,0
4684,3
4933,4
4683,10
4681,18
4939,5
2109,13
2108,1
6059,4
2107,0
2106,1
6053,1
10470,4
5114,7
10007,0
2639,0
5113,7
2637,15
14013,3
14012,5
14011,9
14010,10
9225,11
9223,13
9220,7
9,3
12353,8
12350,3
12356,8
12355,8
890,13
891,12
10263,13
895,1
896,10
898,0
439,7
14904,13
14907,7
9046,10
3545,8
3546,1
3540,11
3543,2
1711,0
3549,3
2963,13
2962,1
762,13
763,0
1782,3
1786,10
765,2
6879,1
6875,3
6873,1
6872,7
6870,10
11872,0
5379,1
5378,1
1079,6
5376,8
1072,10
1073,15
5372,1
13007,12
13006,8
13000,1
8223,0
678,28
679,1
4339,1
4336,3
675,1
676,1
4335,11
4332,3
671,1
672,1
673,0
3135,8
3137,5
3130,11
14585,10
14584,12
15504,3
15505,4
7609,8
7607,5
7605,12
7603,0
7601,10
15988,0
15986,0
7321,13
1532,6
9850,3
9855,3
9857,8
5766,5
5767,7
5764,1
5765,14
5761,7
15187,8
15185,11
15180,10
5181,1
1256,8
1257,0
1254,15
1252,3
12444,5
4114,3
4113,14
4118,11
7895,11
12518,10
8194,5
15237,1
7427,7
7426,1
6731,12
7422,1
7421,8
6869,8
5184,10
16529,3
989,0
2973,11
7501,5
5946,10
5947,2
5944,8
5943,0
5941,11
11506,5
2976,12
11503,13
5151,10
6862,8
4639,13
9268,4
5363,1
12187,4
12185,3
12182,0
10481,5
5365,1
2358,1
2359,12
2352,1
2356,4
2357,1
2355,1
1898,8
3739,0
3738,7
1894,1
1895,3
1896,0
3734,3
1802,0
1893,4
2136,0
4922,11
4697,14
2131,1
4699,13
7451,28
2139,1
6029,0
11722,4
11721,13
6020,13
6024,1
6026,7
6027,7
2648,1
5161,8
5164,13
5168,11
5169,4
14002,3
2643,10
2644,4
14006,0
14007,8
9219,11
17078,3
9210,14
17077,3
17071,6
12366,8
12364,5
12368,0
9690,14
9077,0
14918,9
9073,7
9070,1
10294,0
14916,13
10292,3
4307,7
8250,1
3554,8
3552,0
3551,11
668,0
9236,11
3558,5
1262,3
2912,1
1798,11
719,1
718,1
1793,10
8259,12
1790,11
713,1
712,6
711,11
710,11
6849,11
1265,13
2072,14
6842,12
6843,14
6307,1
1068,0
5301,0
4173,12
1067,5
1066,8
13014,8
13011,0
1525,0
14,13
8232,1
6592,3
15534,5
6595,12
8235,7
8234,6
6598,1
6599,1
16479,10
8238,11
15539,0
3142,7
3143,0
3146,9
3148,7
12288,8
7639,13
7633,10
7130,11
5779,10
10753,0
5775,11
2497,13
5777,5
5776,4
1537,1
3093,13
1243,5
1242,0
645,13
3097,3
1247,1
646,1
1249,3
648,2
3098,3
1632,10
17847,0
3121,9
16340,3
4104,8
2061,1
7613,0
9315,11
15244,14
15247,0
15246,11
3898,10
3899,1
7415,2
3892,11
3890,7
7419,7
3897,10
3894,13
7783,6
2922,2
12623,7
6611,7
6610,10
9151,1
6618,1
13508,13
15996,6
12050,13
10849,0
11536,13
5342,2
238,1
12198,3
4611,10
236,12
2344,1
2341,0
2340,10
2342,10
1310,6
232,8
3708,19
17668,3
3703,5
3700,13
3707,7
1881,3
2120,12
2123,0
2122,0
4668,7
2124,3
4918,3
2126,14
4664,14
4917,6
4666,1
4667,5
4912,11
15427,10
4662,5
4911,0
6445,3
17264,5
6033,5
6031,11
6030,13
6037,1
6034,11
5173,8
5176,1
9203,0
5174,0
2652,13
2651,18
10069,5
2656,3
133,10
132,1
7388,11
130,8
137,3
136,12
135,0
134,0
17001,12
17000,12
7380,1
17002,0
7387,4
7384,3
12372,2
5758,13
12379,8
13523,7
4232,5
10831,10
12438,14
10830,4
9060,14
9063,5
9062,13
10833,5
9067,5
15346,13
3562,7
3561,1
7250,3
7251,10
7252,3
7253,6
3568,1
3569,11
7259,10
5929,12
13395,3
4487,0
4480,14
4482,5
13392,7
13399,0
2903,7
2902,7
2901,12
2900,10
708,7
709,1
704,1
705,3
2909,1
707,1
700,1
701,14
703,7
11883,11
11882,11
88,4
1906,9
11887,0
14618,3
11884,11
82,0
83,3
80,3
81,1
86,10
87,14
84,5
85,1
5319,4
5318,2
1773,1
5314,10
14926,3
8806,8
13027,0
14294,7
14920,0
14299,6
13029,11
15520,3
6580,11
8758,13
6584,4
8754,3
8204,13
8205,1
8202,0
8751,0
8753,7
7625,7
7627,15
7626,3
7621,10
3156,3
3155,0
3158,13
7628,10
3211,9
10266,2
1637,5
1260,14
9876,11
3032,3
14434,13
14430,4
11153,3
3368,3
13478,5
15264,8
656,1
1503,5
654,6
655,1
652,20
653,10
650,8
312,2
3085,7
3086,3
3081,3
3080,0
658,9
659,1
317,8
6999,3
8574,1
8575,0
8577,7
3946,5
8573,4
9197,0
3947,0
13801,3
1885,15
3884,1
15258,2
3886,1
3881,13
3880,8
15253,8
15256,3
3888,1
12575,10
7405,12
7407,2
7403,0
16055,11
16054,11
11525,4
6628,3
8324,1
6627,5
6624,10
6621,1
6705,8
8323,8
8771,13
564,11
14237,5
15097,13
15019,10
4714,4
2331,3
13627,14
2333,0
4711,1
2337,1
2338,11
2339,1
4718,3
4719,1
15229,10
3714,7
4120,11
3711,2
6337,8
15659,4
3719,0
8189,4
13569,10
2486,1
4900,0
4903,11
4902,1
2482,11
4672,19
4907,5
4670,1
17272,5
17273,12
17270,5
17271,5
17276,12
17277,12
17274,12
17275,12
17278,12
11700,13
994,10
7397,14
7396,4
9274,15
993,3
5147,5
5144,1
10054,8
999,8
998,7
121,12
122,5
123,10
124,0
125,5
126,11
5684,27
128,12
3379,11
12385,3
12384,11
7086,9
10349,5
12383,5
5425,7
10724,13
9168,7
1185,13
3373,7
9096,0
5072,3
10727,13
9166,8
5098,1
5099,13
9167,5
7242,8
7240,1
3577,5
5095,13
7249,14
7248,10
2666,3
13387,10
13384,8
2662,12
9162,3
2661,13
5075,12
4498,2
6820,11
6825,4
6827,10
6828,3
2937,11
8187,1
2931,8
5326,9
10544,10
5325,8
5322,11
5323,8
5321,8
11894,14
11897,13
10549,0
14603,3
14600,5
5329,9
14365,13
8816,11
14280,10
8813,9
13039,0
14939,0
14288,3
729,5
13030,8
13031,4
13032,7
8818,8
15384,1
11092,3
12296,1
8745,5
8212,14
8215,3
8217,0
8740,0
6496,13
7654,7
3168,7
15380,5
3164,3
8175,1
4429,6
17842,0
730,3
733,8
732,10
734,8
737,3
736,0
739,7
9568,9
13581,3
4241,1
930,5
937,1
2667,0
936,11
1518,5
1515,7
1517,1
1511,0
5525,5
8567,13
8566,11
12544,3
8563,11
8562,15
14848,1
13815,0
13812,7
13813,10
6965,1
14849,13
6947,13
5388,8
7475,10
7476,7
7477,14
1339,1
16047,6
16045,3
11833,2
6639,1
6638,2
14842,13
6631,13
6630,13
6635,5
6637,2
10861,3
1897,1
13329,5
7021,1
13636,14
2321,13
2320,11
4700,3
2329,11
1299,8
6968,7
4518,1
3760,0
3762,0
3766,3
263,8
13663,11
261,1
267,13
266,11
265,4
264,10
269,11
17395,12
17394,10
17396,12
6010,13
6016,14
2490,8
2493,13
4641,13
4644,0
7315,7
2314,11
7896,4
7894,0
17244,12
17242,12
17241,12
7891,13
9263,5
5158,1
988,12
9260,3
9267,11
9266,1
10738,3
9264,0
982,13
983,5
981,11
10044,0
5154,0
10047,3
114,15
117,0
116,13
111,0
110,15
113,3
112,0
119,0
118,2
4876,10
12396,4
12393,5
10598,8
1388,3
9086,7
9084,0
3508,3
7273,3
5088,0
7275,13
5086,1
3506,0
641,1
2673,11
2672,3
2675,3
7029,10
2678,8
1209,0
2929,10
2928,1
6831,12
6837,3
6836,1
6835,11
6834,8
6838,11
2925,11
2924,1
2927,1
2926,8
10556,10
5332,4
5334,5
5339,10
14637,5
13820,12
8822,3
8820,3
8826,1
8827,1
14287,3
13043,0
8829,1
15098,12
8779,2
15091,3
15092,10
15093,13
8777,13
8775,1
163,3
7640,2
7647,1
7646,1
3171,1
3173,10
3172,3
3175,0
3174,13
1483,3
11422,0
6541,14
14208,1
727,26
724,3
725,1
722,13
1749,3
720,3
721,1
1747,1
5499,11
1160,7
3308,1
1163,3
9013,6
1169,15
9130,8
7295,0
472,10
14411,13
14417,8
14418,5
1568,1
1298,0
471,1
10647,10
1293,3
1290,0
14205,9
1296,0
1565,13
1567,2
797,5
9138,3
796,3
475,8
795,8
8552,12
15271,11
8550,0
8551,1
8556,0
8009,0
7462,7
8005,7
8007,14
8002,8
8003,0
5638,1
5634,1
5637,0
5630,4
5631,1
5632,1
5633,11
8482,13
8484,5
3199,0
8486,11
8487,1
7463,7
8489,11
7466,1
