4446,1
3480,2
4418,0
11549,0
2030,6
5982,5
5983,6
10850,5
6796,11
4730,1
13600,6
13607,4
13606,12
6790,4
6791,0
2316,1
4738,1
2315,3
2312,8
6798,6
5854,7
5856,5
4025,3
5852,3
3773,1
3771,12
3777,0
17651,0
3775,10
3779,0
6292,12
4655,3
271,0
13546,0
273,9
4651,9
275,11
276,1
278,8
279,1
4659,13
4658,6
16703,0
12015,13
12014,10
12017,6
12013,13
17252,9
7884,7
7887,3
9258,4
9259,3
9256,3
9257,8
9254,9
9527,12
9520,13
9253,1
9250,6
7620,13
109,10
102,0
103,5
100,11
104,9
6051,0
1373,0
2105,3
10892,5
10005,0
10380,13
344,0
3519,8
16926,12
7269,14
7264,1
7266,1
16929,4
7260,11
7263,0
7262,8
6205,0
6206,1
6201,9
2685,10
2680,8
12238,3
6809,0
6804,7
2630,0
10563,6
98,10
9743,9
91,1
90,3
92,3
95,6
94,10
97,4
96,10
349,4
3012,13
8839,8
8830,9
13054,0
8832,7
3016,0
7676,12
7677,0
7675,8
1755,7
1177,10
1175,8
1171,6
512,11
1281,6
1280,1
11164,13
14407,5
1289,10
1288,0
11162,0
1002,5
7188,5
8767,1
8766,3
689,12
685,3
7181,12
7182,0
686,0
681,1
8768,8
683,13
682,4
13835,4
13832,7
4188,16
3434,3
13839,8
8549,12
12835,5
8018,0
8545,5
8544,3
12839,10
12838,3
8013,12
15283,9
15282,3
7452,6
8055,12
5629,8
5628,6
5625,0
2035,9
5620,1
8491,7
4180,0
4596,6
8499,5
4183,4
4732,6
4182,1
2746,0
5991,8
5990,3
11579,6
5992,7
4736,7
6793,5
15007,3
4735,6
6534,11
10487,6
13609,13
6533,6
1244,3
4348,0
393,6
392,7
391,7
390,7
397,1
395,9
394,1
399,4
398,8
2309,9
1227,6
13619,8
13614,6
2302,3
2305,0
4720,11
4723,11
4722,7
5843,5
5841,6
5849,10
11286,12
14902,13
3745,7
13531,9
244,8
247,8
246,1
241,1
240,3
242,3
4628,13
248,7
12008,8
12006,4
12001,0
10465,6
9248,3
9537,3
9240,8
9242,6
9244,9
9246,9
179,1
178,7
177,0
176,8
174,14
172,8
171,6
170,3
3698,1
3697,6
10391,9
10392,11
10393,7
3522,8
3520,13
1501,3
3528,1
3529,12
16936,7
16937,3
7214,5
4657,0
16938,3
16939,3
12226,6
13547,0
6213,7
6212,8
6211,13
274,1
2693,0
2692,1
6218,13
6819,13
6818,8
13542,0
14873,4
6811,3
6810,8
6813,7
9754,5
10579,9
16704,0
10575,8
10571,8
13067,0
8841,4
8843,13
8847,1
7668,1
1223,12
17830,9
7660,13
7663,4
7664,6
17837,9
1222,0
1762,4
1763,3
1760,3
1141,12
1146,6
1148,0
6358,1
1546,3
693,11
1544,0
691,1
1542,2
1543,12
695,5
14470,0
698,13
11112,3
11116,13
8711,0
8712,7
8713,12
8715,6
8716,1
1781,12
8718,3
8719,0
7194,10
12473,12
13843,4
13842,3
13844,13
8538,10
8028,12
15310,9
15298,4
8530,10
8531,0
15294,13
1787,7
7883,7
8024,6
8537,13
7441,3
7440,8
2649,6
7442,0
7444,0
7449,10
5611,4
5614,3
18,5
6001,1
12479,6
11569,4
11562,6
11563,12
4280,7
4287,6
4285,13
380,13
381,8
382,20
384,9
385,6
386,0
387,1
388,2
389,7
6778,6
6779,11
6774,1
6775,7
4752,12
4753,3
4755,12
16011,12
16010,12
9966,9
5877,6
5875,8
11292,5
11294,13
3750,4
3755,8
3756,11
4632,1
2192,5
2193,7
2194,3
4636,13
2197,7
253,9
13528,8
251,1
256,7
257,10
254,10
255,1
11740,5
11741,4
11746,0
11747,4
11748,8
12037,9
9500,0
9504,4
13299,8
168,6
169,13
164,9
167,5
160,6
161,4
13296,7
13297,7
3682,0
3685,0
4762,0
2518,0
2519,6
2514,8
2515,12
6740,1
2735,11
6743,1
2732,1
2733,13
6742,6
16530,6
3530,10
9184,12
5058,12
5059,1
9181,6
3539,6
3538,3
5057,7
5050,0
6887,1
7202,9
7201,6
7204,12
674,8
10763,13
10762,13
6226,1
12214,8
10768,3
6229,6
3586,5
14867,8
14864,3
14646,5
14644,8
13897,9
14649,4
13894,12
9766,10
10636,6
4163,10
10503,3
10502,9
10504,3
13893,12
13073,12
4161,11
15508,9
808,12
4346,5
803,1
802,6
8851,11
8850,1
8857,1
804,11
14138,0
13898,0
1775,1
1774,0
1776,6
1771,0
1770,0
10183,13
1778,1
1158,3
1156,12
378,5
15116,5
1550,4
1552,9
1555,12
1556,6
14462,12
3035,7
11100,8
14464,12
8701,3
8704,4
13852,6
13853,7
8031,7
8030,3
8038,12
5604,13
5601,11
5602,10
8523,13
8522,3
8520,12
8527,3
5608,9
13567,9
7389,10
15987,5
15335,7
15334,5
6426,0
15336,4
13988,6
12453,6
4294,5
13986,10
12459,6
4290,12
7261,7
3516,1
3515,1
6368,6
4749,3
4748,0
6769,12
6765,11
4740,12
4745,5
4744,12
16002,9
9976,7
5869,4
5868,0
9970,13
5865,13
2689,12
16736,6
2182,4
2180,8
2186,5
2185,7
227,8
2189,9
2188,13
222,12
220,10
3955,7
12239,6
6453,6
6904,1
12424,6
8687,7
150,1
153,1
152,2
155,8
154,12
157,1
156,10
159,4
158,12
6456,3
4202,7
1161,8
8688,8
8689,0
16115,7
8131,12
6187,12
6186,1
6184,1
6180,10
16110,4
2504,7
2502,7
2501,8
6188,0
2727,12
2726,2
2725,0
2724,5
2723,0
2722,3
2721,1
9191,12
9190,12
7234,20
7947,3
7232,5
7233,1
5049,0
7943,3
9199,12
9198,4
5045,0
7948,1
7949,1
5041,5
10371,0
10562,6
10772,1
9516,7
6238,12
6235,9
6234,1
10778,3
10779,3
6230,1
6233,5
14851,13
14857,6
14855,0
14854,8
14676,8
14859,13
11821,6
11823,3
10518,7
9777,7
7932,7
10514,3
9772,12
8866,2
1524,10
14983,3
8860,1
14986,4
14989,4
13084,4
13083,4
8869,8
818,7
815,4
10090,5
1700,11
1702,0
1705,8
5261,13
2094,3
14181,0
14182,3
2632,5
697,0
1128,9
1129,13
1125,5
1126,12
14455,12
14452,12
15109,3
15100,8
3028,7
3025,8
3024,13
3020,1
8738,12
3952,12
8737,8
8735,0
8731,10
12595,8
8042,6
3950,5
8512,11
8046,8
4199,0
8048,6
4197,8
13864,12
4193,4
8518,0
8519,9
5673,6
5674,3
5675,4
5676,4
346,6
8833,9
340,2
15326,12
15327,13
6435,11
8196,4
6432,4
6431,8
8195,8
6439,1
15329,3
2869,12
4777,3
13645,4
4772,3
4771,8
6751,4
6757,11
6755,8
9947,12
9945,6
9949,6
16033,11
10354,4
5067,11
4619,3
13509,4
12055,13
239,3
12057,4
234,3
4610,2
4613,13
237,11
230,4
231,7
4617,13
233,3
5063,7
7425,9
2458,1
4882,9
147,9
144,0
145,0
142,8
143,9
140,5
141,3
9375,0
148,11
149,13
9376,4
16696,6
2532,13
2533,7
2534,10
2713,7
2710,4
5453,5
2717,10
2715,9
1195,6
2718,8
7221,5
7956,12
7955,0
7225,7
9169,3
7229,1
5070,11
3345,0
5074,5
10696,7
16969,3
3090,3
6249,7
10748,4
6240,5
6241,8
6243,11
6244,1
6245,4
6246,4
5380,4
5381,1
5384,8
10522,0
5386,1
5387,4
14844,3
14662,0
11835,9
11832,13
14841,9
14666,3
14667,5
8873,4
14996,13
13097,1
14998,4
13093,5
829,1
828,4
820,1
823,7
822,1
6607,5
8161,5
9384,7
5253,4
14198,7
1710,1
791,1
14192,4
14193,4
5259,4
2145,5
2412,5
4252,1
1132,5
11120,7
4974,11
11123,4
11125,0
14447,3
15136,13
6250,6
7149,8
17975,0
3010,6
3011,11
7140,5
3017,0
7142,0
3015,0
8729,8
8720,1
8723,6
6254,1
8724,11
13878,13
12876,3
8505,5
8507,8
8509,7
8508,0
8059,8
8058,3
4185,12
4184,12
5663,0
5662,10
5661,10
5667,12
5664,7
5669,8
2883,0
2880,0
2886,12
2884,4
2885,9
7493,1
2888,1
7496,8
7497,10
7494,1
5398,11
11806,12
14689,4
6402,2
10,0
13,5
12,1
15,3
15316,7
6404,13
15314,6
19,12
8184,12
15319,13
8186,8
8181,13
8180,4
8183,6
7764,6
7765,10
7762,11
7763,4
3900,3
3908,1
4760,7
4763,0
6746,6
4765,7
13655,12
4767,1
4766,13
13658,7
6748,8
11247,0
10816,1
5808,1
5803,1
4321,4
5800,10
9953,8
9952,4
201,4
200,13
203,1
202,13
205,1
204,7
206,11
1573,8
684,6
4320,1
8888,8
12048,12
12049,7
687,1
1570,7
3472,11
7185,0
7813,1
838,6
3479,0
3659,8
3655,0
3653,7
2525,7
4092,3
2521,12
2529,7
11461,3
11462,0
5065,4
10355,4
10356,7
5061,8
10352,9
2705,4
2707,7
4883,0
10358,0
2700,8
4886,1
4887,13
7962,13
7963,4
3091,6
17150,6
17156,10
9177,6
9175,7
10681,5
7143,0
13318,5
4404,12
4402,0
928,13
17080,0
6259,0
12318,4
12262,7
12261,1
924,1
6255,4
927,6
5393,3
5392,6
5397,3
14236,9
14832,7
14835,8
14834,13
14836,6
9718,4
9715,13
832,7
833,5
831,7
836,3
837,4
834,4
835,1
8884,13
8885,0
8886,6
839,9
8881,3
8882,6
5571,0
15042,4
4389,1
15635,3
784,8
785,10
9394,0
9393,3
9392,7
783,7
6591,3
5244,7
6575,6
789,13
9399,11
9398,0
15124,6
7931,0
6579,3
15121,13
15128,0
3005,5
3006,7
14307,9
3003,3
3009,0
3008,6
7286,9
7285,12
406,0
1583,1
1580,1
1586,7
1587,1
7151,7
7150,12
404,0
9104,0
7288,1
7692,7
8068,0
7693,3
8063,3
8060,3
7480,7
7483,7
7482,5
5656,11
5657,4
5654,7
5655,8
7489,7
5650,4
5248,9
2899,8
2895,8
2890,4
1104,4
13163,7
1453,1
1458,13
17650,0
11855,0
1720,7
5242,1
13049,0
4458,3
15309,13
6415,0
6414,10
6416,1
6411,10
6410,11
6413,7
7777,1
680,0
3914,7
3913,4
3911,4
3910,5
3918,9
8314,7
8315,0
8316,7
8310,13
6735,1
6736,6
8313,13
4797,0
4792,13
5837,4
5834,6
5830,12
5831,4
11254,3
11250,4
5839,10
12293,6
9925,6
216,4
215,11
212,10
213,3
211,5
10883,7
219,1
11785,12
11576,6
6086,4
138,7
6832,5
11789,6
6081,10
11727,0
4,11
3646,2
3640,6
2551,1
2552,1
2555,8
2556,1
7798,1
12788,6
11472,8
3001,1
5011,10
5012,3
5017,10
4893,4
2773,1
16415,4
16946,7
16945,7
16416,4
7979,12
7978,10
9143,0
9492,8
9141,8
9494,3
9496,0
7972,3
12257,0
12256,12
6264,4
7792,3
4419,13
12250,13
4417,11
4416,1
4414,0
13302,0
4411,8
6269,13
17091,0
915,10
9544,6
913,3
912,12
14003,0
9721,3
14821,13
14824,0
2646,3
3942,1
373,2
846,3
3464,0
8899,5
3460,0
8897,4
8896,1
8891,8
3468,10
7152,13
10542,5
1739,5
1738,9
1730,6
5233,3
4904,10
11815,3
13125,8
15809,6
15808,6
15802,4
15801,6
15800,6
15153,3
15152,3
15155,3
15936,13
3070,5
1594,3
1597,8
1596,21
1591,9
3075,7
1593,0
3077,4
3078,0
14315,8
14316,10
7168,3
7161,5
7166,12
1037,1
1035,1
12899,3
631,1
8071,13
8072,3
8074,0
5649,1
5641,3
5640,13
5642,6
5644,9
13868,13
1217,13
1214,10
2003,11
1111,1
1445,0
1112,9
1443,0
1442,13
1441,6
1116,7
1118,4
489,7
488,4
487,5
485,1
484,6
483,3
481,11
480,13
12419,8
12418,3
6461,2
6462,10
12412,6
12415,3
12414,1
6466,3
6789,4
7747,1
6525,1
7748,6
4850,7
8269,3
3922,1
13617,12
3299,8
3927,13
3925,6
4721,1
3928,8
6723,6
8306,6
6720,1
6727,8
8302,8
6725,11
4788,13
4787,6
4786,6
2306,3
4780,11
5821,4
5823,4
5826,7
5829,12
5828,0
11267,8
11264,0
4374,9
14913,6
4306,8
6916,1
6091,13
6090,13
6093,7
6094,6
3294,0
5848,5
199,10
198,3
195,1
194,5
197,12
196,7
191,9
190,12
193,7
192,8
3672,1
3677,8
3674,1
2540,6
2545,1
9678,3
2548,3
11442,3
12799,13
11447,3
11446,4
11445,8
10332,0
3581,0
2769,4
5000,4
3584,13
5006,12
10334,8
5004,12
3588,7
3589,9
2761,1
5008,6
9159,0
9158,13
16407,0
16952,7
9483,0
7904,12
16408,0
9484,7
12240,7
6270,1
901,4
906,6
904,5
12247,4
13333,13
4423,6
270,4
4421,3
9554,3
4625,10
4080,8
9733,3
9737,0
13790,8
9738,6
4627,12
4082,11
3452,0
3453,12
3456,2
3454,0
3455,0
3458,0
3459,12
858,7
6,0
8904,9
14145,0
14146,3
14141,0
13161,3
11751,0
5223,1
5222,1
5221,4
5220,0
5224,7
8934,9
15819,9
14815,4
13116,9
8932,11
8933,6
11868,12
15813,6
15814,6
8939,1
15144,9
15148,4
15149,6
14369,7
7174,1
7176,3
7173,9
14493,12
14497,0
14364,13
14366,4
1696,1
1697,3
1694,6
1692,10
1690,7
716,10
1699,0
12888,5
12889,6
14767,5
14766,3
14762,8
7579,8
1477,0
1474,7
1478,7
1479,1
1305,12
1307,10
1301,13
15300,7
498,6
499,7
495,4
4226,0
497,3
4221,0
492,3
493,23
5586,6
5587,0
26,1
6478,9
20,1
21,1
22,1
23,4
15362,7
6471,7
6477,7
29,8
6474,6
7759,1
7752,13
3939,7
3935,5
3937,6
3933,10
3932,9
13689,0
11277,0
6718,8
6719,6
6716,5
13682,6
8338,3
6715,25
6713,1
6711,1
1060,8
8500,11
7857,13
1062,3
17285,0
13288,5
5584,3
7858,6
4044,11
4047,4
13753,3
4048,4
4049,0
8485,11
3664,1
3667,7
3661,10
3660,1
2280,0
2281,12
2283,5
2284,1
2579,0
2577,0
2572,9
2573,12
17306,3
15970,0
10903,0
11456,7
11457,7
11453,4
3593,1
9122,8
3597,10
10309,8
3594,7
5036,4
5037,0
5035,12
5033,11
10301,0
13324,12
6593,5
4430,0
13323,10
17122,0
7911,13
7917,12
7916,0
7914,7
977,8
976,5
4618,4
973,8
1081,13
11622,0
6287,13
6281,13
979,3
183,7
9400,4
186,5
187,6
184,6
185,3
188,5
7985,4
4322,11
9408,1
8082,6
3445,6
862,12
867,3
2754,20
2755,3
2020,11
2753,4
2750,4
2023,0
2758,3
2759,3
5216,1
10471,8
5838,12
5211,12
14152,3
5218,12
14800,13
8926,8
8923,8
13104,7
8929,1
13103,3
3386,2
15177,0
14489,10
3058,8
3059,13
7109,8
3050,12
1680,0
1684,8
1688,3
14772,4
14773,5
1465,4
1464,12
1317,10
7218,2
1315,7
1314,3
5152,3
7219,5
1319,5
15357,13
6447,1
15355,7
6917,6
6442,1
6443,1
6441,1
13926,3
13927,12
13924,3
13925,0
15429,4
15428,5
12439,0
6449,13
8626,5
5594,8
5597,5
5598,4
7729,6
7723,7
7725,7
7727,0
319,12
318,5
13692,7
13693,3
313,7
3941,4
311,7
3944,8
316,12
315,3
314,8
6709,10
11205,13
13195,4
6700,8
8327,7
8326,12
8321,3
8320,6
6707,5
1338,3
6217,5
443,1
10717,1
6237,12
17405,13
12220,4
4495,0
2696,11
4051,0
4058,12
8699,13
15406,4
3614,6
3615,7
3616,7
3617,7
2292,1
2291,5
8128,1
8694,4
15409,13
5902,8
2564,0
2566,1
10917,5
5901,7
15701,0
11421,7
11420,6
8120,8
11426,8
9132,9
7924,4
7925,7
7294,7
9136,13
5021,6
7299,6
5022,10
7704,7
13350,12
4442,10
4445,13
13357,12
964,5
965,4
960,5
962,8
6296,3
6294,3
969,9
6290,6
32,5
5574,13
7708,0
3438,13
3439,9
878,3
876,0
877,1
875,1
872,1
873,6
871,7
2037,8
4593,3
4590,23
2742,1
4848,4
2744,3
2747,11
4595,6
2748,1
4598,3
4599,13
4841,12
4842,8
2038,7
647,6
13979,9
5202,11
11990,12
11993,7
11996,12
3235,17
13410,8
8912,8
13178,0
8910,0
8914,11
5194,4
13172,6
13175,0
5197,3
13177,5
13176,7
11195,8
15160,4
7328,0
15162,6
3048,9
7115,13
3040,4
3044,6
3047,8
643,0
1674,8
1671,1
1095,3
14742,12
14746,4
14745,3
14749,5
14748,13
1415,3
1416,3
1323,1
644,4
1328,3
6451,12
8683,6
4208,4
12423,0
8138,1
8139,0
6901,6
12427,7
6459,0
4200,8
4201,3
8130,13
4207,11
5569,13
11477,4
5565,1
5566,10
5561,13
5562,7
7738,5
7731,3
7736,13
308,13
309,3
301,0
302,0
303,8
3957,11
305,12
306,4
3954,11
11212,8
8359,1
11210,4
8350,4
8352,10
8357,26
13773,6
4060,0
4061,4
4066,9
4064,12
4065,10
4068,7
5784,1
5786,21
5787,3
5780,6
5782,12
9686,5
3602,4
3600,4
3607,12
3605,12
3608,4
16947,7
6073,7
6114,4
6116,7
6117,1
12741,11
6111,0
6113,1
16944,7
5442,1
11432,6
3332,3
10928,0
7283,10
7930,10
7933,10
7280,6
9459,10
9108,8
9106,4
9456,7
10670,4
9103,12
9100,6
9101,9
4453,10
4451,9
13347,3
4454,10
16982,7
4459,7
16980,7
958,1
9493,12
951,1
12290,6
954,3
7411,1
3420,6
3425,3
6335,3
2000,12
12166,6
4209,6
4588,3
12163,4
2005,3
4585,12
4584,0
2009,13
12168,4
4582,6
12482,13
14177,6
6963,5
9676,12
12259,7
11982,7
10104,3
11980,12
4410,12
11986,0
11985,7
4247,0
2170,3
11858,9
8624,4
13168,7
8908,5
8625,1
8905,11
10588,3
8907,6
8906,3
11854,3
8154,0
11856,8
8902,7
14352,7
4969,3
11184,9
7128,7
17098,6
7120,4
1668,0
1666,5
1665,3
1660,1
591,1
1086,8
593,1
592,0
595,8
597,1
598,12
12984,4
2829,4
2824,3
2825,4
2820,1
2822,5
2823,3
5414,9
3387,8
5416,11
5417,3
3380,0
628,1
14755,6
14752,3
1402,4
1406,8
1405,8
1404,7
14479,7
448,5
13900,6
13901,10
1335,8
442,1
441,0
440,1
447,3
690,7
445,12
444,1
15402,7
15400,9
6936,3
6937,4
6934,6
18102,0
8695,6
696,1
8697,12
8124,3
8691,3
8690,9
8692,0
7706,3
39,1
5577,3
5576,13
31,1
30,1
35,3
34,3
10780,7
699,1
339,3
338,1
334,11
337,12
336,1
331,0
333,0
332,11
8349,6
11229,1
11228,4
8343,0
8341,0
8347,8
1295,3
4078,10
5797,0
5796,1
3964,12
3963,8
7370,3
3636,1
3634,12
3635,1
3632,0
11407,4
11403,5
6109,8
11400,4
6102,8
11408,8
10936,3
16994,7
16992,7
16993,7
9113,3
9115,0
9442,13
12286,7
12287,13
12280,1
13379,7
13375,12
4462,4
13371,0
948,5
946,0
947,7
6108,6
942,7
940,3
7958,6
3416,1
3412,8
3413,8
8532,7
14953,12
8027,13
12175,12
2019,9
6322,4
12170,0
12171,0
4862,1
2014,1
4866,13
2010,1
11025,12
14107,7
14504,12
9663,8
9662,4
10440,0
13154,5
13152,13
8972,4
8976,8
8977,7
17901,3
17902,3
7132,1
7135,6
9039,0
7686,3
416,5
1658,1
7683,5
1651,11
1656,1
1657,7
1654,6
411,0
586,3
587,0
584,12
585,8
582,8
583,1
580,15
588,7
589,7
12990,9
2838,9
12998,7
2836,9
2835,1
2834,1
2831,1
3391,0
14728,3
5405,9
3395,4
3397,0
3396,5
3399,4
14722,4
14724,8
1438,2
1439,1
4237,11
1383,12
7089,7
1348,13
4262,7
450,1
451,8
1342,4
453,1
454,3
455,3
456,8
457,6
15419,12
18110,6
18111,6
6925,7
6924,1
8110,4
8111,0
15410,3
15411,12
5549,6
7716,18
5542,0
7718,8
5544,3
5545,6
8596,13
8594,7
8372,3
8373,0
8371,3
5893,0
5894,4
5895,9
5896,3
13574,0
4915,0
4660,5
4913,8
4008,1
13712,12
4004,12
4005,4
4006,3
4007,6
322,3
323,10
320,1
321,13
326,6
327,1
324,4
325,21
3979,0
3978,5
328,1
329,10
9898,0
3629,8
3623,8
3625,10
3627,7
3626,4
16617,9
16616,9
11410,7
1595,6
11412,6
11417,9
12763,9
6130,3
6137,8
16298,9
10940,3
16477,0
16476,0
16475,0
16474,0
16472,6
9473,0
1592,7
9474,5
4479,9
13361,1
4473,8
13363,6
4474,1
5175,5
13824,3
9202,8
2248,7
2245,1
2246,7
2247,8
2465,4
2650,7
6444,10
1920,1
2468,12
2469,8
9208,1
5347,0
3404,0
367,0
7537,7
4875,8
4874,3
365,8
4870,13
4873,0
7531,13
4879,7
131,0
7530,9
2068,7
6313,13
6310,4
6311,8
6316,4
12146,12
2792,6
2793,8
6318,2
12148,0
13497,12
13494,0
2067,5
5349,6
10128,9
9308,12
9655,3
9305,7
10120,4
10127,3
9301,10
10125,12
7381,0
13144,4
13147,7
17004,7
8969,7
8963,9
12554,0
13910,0
1640,1
7681,6
579,6
578,1
604,3
570,7
577,1
575,8
4366,5
15645,6
601,6
15647,4
12961,3
2804,8
4360,1
7096,7
7097,9
5430,1
7095,7
1425,7
1424,4
1427,8
7091,4
3364,4
1428,5
14730,7
4362,13
8536,0
3361,1
6324,3
5456,1
2018,9
13962,6
4272,8
4271,1
469,8
468,19
4275,1
8102,8
465,7
4369,7
467,9
1350,6
461,11
460,13
463,1
1354,2
6958,0
15468,6
15398,6
5550,1
5552,7
15393,13
6483,10
15463,6
15462,7
15397,5
15396,11
6484,4
4885,0
8588,0
8582,3
8584,7
8360,6
8364,12
8366,7
8368,8
6771,7
4277,7
6556,5
6551,0
6558,11
11298,0
8216,13
3186,1
3180,6
3182,2
723,4
6321,0
4019,6
11394,6
13702,3
4012,1
13700,12
4017,5
4016,4
13704,7
357,9
7506,5
4856,8
3988,12
3989,11
3984,1
10448,7
3986,7
3980,9
3981,8
359,0
358,8
16603,6
12774,5
12770,4
6120,1
6123,8
289,5
288,13
10959,0
281,5
280,17
10950,13
282,11
285,5
284,13
287,3
286,3
1440,4
3567,10
2191,9
13520,9
4630,0
2256,8
2253,4
2252,3
2251,11
2475,1
2473,6
2471,0
2470,19
7874,0
7870,8
7872,3
7873,7
250,11
4801,13
2786,3
4805,4
9465,4
9466,7
12159,5
9463,6
2073,5
6304,5
10608,7
2070,11
6301,5
6302,6
10137,7
11959,1
11951,7
952,3
14120,3
9319,12
9316,7
9647,0
9640,8
8956,1
8957,10
8954,13
8953,13
8951,0
9791,0
9790,8
6854,7
14382,13
14381,6
6857,9
6856,11
6851,1
6850,1
3214,11
3215,1
3216,3
1633,6
1635,1
1981,7
1638,7
1639,1
3218,6
3219,13
2740,13
706,3
568,6
569,3
2817,7
2816,3
560,9
561,3
563,5
2819,1
565,13
566,11
6858,3
15658,4
14700,3
15656,4
15657,4
15654,4
15655,4
14258,7
7083,13
7084,0
1188,9
3378,6
1186,3
5424,0
5426,10
5421,7
1183,13
5422,11
6495,1
8171,3
6497,8
8173,1
6491,4
6490,7
4248,3
8177,8
8178,1
8179,11
6498,1
15374,9
14615,0
6949,7
6948,3
12417,6
5526,3
5527,13
6943,7
18130,9
6946,3
15474,0
6944,5
14616,6
48,3
49,0
44,1
43,0
41,11
8398,1
8394,10
8390,12
8901,4
6547,3
6545,4
6543,6
15070,0
6540,6
590,5
4391,13
4394,1
6548,7
1366,8
473,0
470,11
1365,1
476,7
477,1
474,5
1361,10
478,4
479,12
1368,3
3198,12
5310,0
4027,4
4024,5
3921,5
4023,6
13730,7
4028,6
11380,0
11386,1
8805,7
7517,3
7516,1
7515,7
347,0
7513,8
162,6
342,6
343,5
3997,4
3994,0
348,1
3992,1
7518,6
16673,0
16674,0
13024,8
13967,4
6155,6
6156,9
3236,2
4845,0
10965,5
10964,5
15440,6
6722,0
10968,6
4527,11
298,4
299,10
296,3
297,3
294,3
293,3
290,3
6726,8
16498,4
6724,6
4837,8
4836,8
8209,9
2268,11
2261,5
8756,4
2264,9
2265,0
2448,0
2449,1
7867,7
7866,0
7865,4
7862,3
7861,13
7860,10
7869,6
12520,3
16819,0
4812,11
2044,1
2043,1
2040,1
4814,13
4818,6
3151,10
2048,0
2049,3
9410,5
9411,8
9417,13
9419,3
7092,9
6374,9
12124,0
12127,9
12126,6
10141,6
10140,7
10412,0
11949,7
10148,8
14135,7
11940,9
4140,7
9329,6
9322,12
9631,3
9321,0
8942,10
9346,3
8946,8
8949,13
8948,0
5483,4
5407,13
1437,13
6882,13
5109,10
5183,15
1621,8
3204,8
3203,5
1994,1
1997,8
1996,12
1998,13
3209,1
14721,9
9183,1
2860,11
559,1
558,7
554,0
557,11
3536,8
551,10
550,1
553,3
14711,8
14244,6
14242,13
5055,6
12947,9
14249,7
5458,4
1198,0
3349,6
1191,10
5451,9
7076,13
7077,12
3346,1
7072,0
5457,1
14395,4
6976,9
4258,9
15445,3
6975,13
15442,9
12496,4
13941,12
13942,6
8168,4
5532,8
5535,4
8385,12
603,12
15043,12
6573,13
6570,5
4388,9
6576,8
6574,8
15044,0
4382,3
4380,1
4387,1
4386,1
4385,11
4384,6
407,5
4268,6
405,4
1372,4
403,7
402,6
401,6
400,2
1379,6
7699,1
409,8
408,6
3835,6
3833,0
8815,5
5130,9
10766,6
3839,9
13721,7
4032,4
4034,1
13726,0
4038,11
11379,12
11376,0
7523,6
7520,7
7524,6
371,5
370,11
7528,10
372,3
374,2
377,1
376,0
15849,13
6143,16
6140,11
12714,7
12718,7
6927,12
6926,9
10974,3
10979,0
16486,3
16485,3
16480,12
16481,12
2274,7
2277,11
2276,3
2271,3
2273,6
2272,5
11595,9
7719,3
5543,13
10803,12
2459,9
3201,6
2453,2
17283,7
7853,0
7851,2
17539,13
17538,13
7854,8
17537,13
17288,7
2051,13
2052,0
4538,13
2057,4
657,3
4534,11
2058,3
4822,12
4531,5
13443,9
4533,3
7980,13
7981,7
6369,9
7983,8
9406,11
9404,4
6363,12
7989,11
12131,0
6365,8
1507,8
9334,7
9330,0
9333,8
9332,8
651,5
3229,1
9620,7
17755,0
17756,0
1979,6
14899,0
14898,5
7330,1
14893,13
13196,3
14891,0
13194,0
4704,5
1974,9
1607,13
1970,1
7324,4
7325,10
7326,1
1968,1
5198,3
7323,8
1964,5
1617,13
3238,4
5196,3
5191,3
5190,7
1610,7
13265,8
8858,3
13263,10
13269,0
2873,2
2872,1
12951,0
2875,1
2878,11
3356,3
3350,1
14275,0
5448,5
7069,1
7068,10
7067,11
7066,0
7064,1
5444,0
8854,6
15450,9
12483,6
12480,9
6962,6
8628,11
6964,1
15456,0
8159,4
15458,7
15459,9
12488,8
8627,1
8620,1
8150,10
6463,1
5508,1
5506,11
6519,9
5503,3
5500,11
5501,7
8228,0
543,2
540,0
541,12
546,7
544,3
545,12
548,3
549,13
14505,10
11024,10
14507,4
6566,7
15053,1
415,7
7685,6
410,1
7682,2
412,25
413,6
1384,11
1385,4
1386,6
1387,3
418,7
419,6
7689,4
7688,0
3827,1
3825,6
3824,0
9154,6
5001,13
8444,10
8445,5
8568,1
5007,6
8448,6
8449,1
3585,10
5005,13
10335,13
8224,4
7538,3
368,1
366,6
7534,1
364,1
7536,12
362,6
363,1
360,3
361,16
2760,7
16128,7
16659,0
16126,0
5277,9
6176,0
6174,3
6172,7
6171,1
10989,5
10988,7
7909,4
10982,9
5279,0
7900,5
2200,5
2201,3
2203,8
2207,8
11586,4
7906,4
6681,8
6682,8
11588,0
6687,0
2422,7
2424,3
2425,1
2426,13
16834,13
16833,13
7848,0
16342,3
7847,1
7846,1
7842,1
4839,0
6357,6
6350,3
13459,6
4831,6
4526,3
13452,0
13450,13
13451,7
3461,5
7991,10
7994,16
9433,7
13330,0
9612,8
5298,13
5299,11
5296,0
6629,5
5290,8
13184,0
13181,4
17746,0
17747,0
17745,0
1810,8
1812,5
12204,4
6075,5
8140,1
2169,7
6991,4
4952,3
8147,1
4953,1
14088,11
1609,7
9293,12
9290,3
7333,11
9297,0
9294,12
1978,12
1603,8
9299,0
3221,7
1604,4
3223,8
3222,7
13276,7
4954,0
13270,8
12923,6
15605,0
15604,9
15607,6
15606,8
15608,6
2843,7
2840,10
5476,12
14032,0
5472,4
5473,12
3329,8
13716,7
3971,7
7056,1
3973,0
7054,13
7055,5
8149,9
3977,12
8636,5
8143,6
8142,1
6990,0
8632,1
8631,0
8146,4
5519,13
5518,13
17393,12
5511,1
2618,4
5517,0
2998,6
2999,9
58,3
2990,3
54,11
57,6
56,12
2994,3
50,1
53,8
52,6
537,0
3034,6
535,12
534,5
533,1
10798,6
539,7
538,4
7340,4
2995,8
5137,10
11104,0
1907,7
14516,6
11037,0
11032,9
11031,13
15021,12
15023,7
6513,1
15024,4
6516,4
429,4
428,3
5131,4
1399,6
1398,11
421,10
420,13
1394,0
425,3
424,5
427,6
426,7
3812,5
3814,4
855,3
8454,6
8453,11
8452,7
8450,5
850,13
852,8
853,10
11355,4
7548,11
7549,6
7541,0
7542,9
7544,11
7545,4
8035,7
1971,6
6165,5
6164,0
12737,4
10997,6
13670,8
3475,2
12769,10
7230,0
2335,13
2210,10
2219,10
2218,6
6691,13
2439,7
2430,5
2437,13
14268,3
13709,9
7838,5
7839,12
7832,0
7833,12
7835,1
12111,0
13469,4
13468,12
12114,3
6347,11
4512,5
6348,13
259,12
4516,2
4514,10
4515,0
9421,3
9420,3
9423,6
11647,4
11646,4
9352,8
9357,13
9604,0
9606,6
9609,3
5282,10
5284,1
17779,0
5286,12
1807,9
3783,8
8999,6
3787,8
1801,5
3785,5
3788,4
4992,8
4999,1
14078,0
14076,7
7302,9
5208,1
7301,1
9289,11
4726,6
7305,0
9285,1
7005,8
9287,13
9286,0
9281,0
3255,12
9283,12
3257,3
18422,9
18420,9
11912,8
11915,12
11914,12
13245,7
11916,6
2858,3
15611,4
15614,5
2850,0
15619,9
1397,5
1492,7
7040,3
3335,4
5466,7
5469,13
1499,7
3339,7
14215,3
14216,7
1393,4
8609,8
8602,0
6986,0
6983,11
6982,2
8604,13
6980,8
4470,13
4137,1
2989,3
2988,5
13112,0
2983,11
2980,8
525,22
527,4
523,0
1014,6
1016,1
528,1
1011,11
1012,7
11864,9
1235,8
1232,8
14810,13
8284,8
8282,3
4350,8
4351,3
8289,13
11003,0
14522,6
15039,12
14526,3
14524,4
15032,13
8938,1
6501,0
15031,0
6506,1
6504,3
1965,6
438,7
2487,1
436,1
437,0
434,9
435,3
432,1
433,7
430,5
431,8
3805,11
3804,8
1966,4
13560,6
15085,6
11349,9
5704,4
5701,0
5702,6
5703,12
7558,6
15084,6
7551,3
7557,12
7556,0
7554,10
6424,8
16109,4
16108,4
12454,12
16107,4
16106,4
6427,4
15083,13
11706,12
4177,1
13883,7
3062,1
9439,12
4178,4
13888,0
3060,10
4297,12
11350,6
7394,0
15339,6
14361,0
991,3
9276,12
7179,0
2220,8
1,3
5925,1
5926,0
5927,4
5920,3
5921,0
5922,0
10832,4
5928,13
10838,6
5355,4
5143,8
13476,6
4501,0
7822,5
7821,13
7820,3
4509,3
5352,6
2082,8
2083,6
2080,7
5350,8
2086,6
2087,5
2085,0
7529,13
11656,8
11654,6
9367,3
8985,0
8980,12
8983,8
8989,8
8988,7
1832,1
1833,1
1831,6
3799,6
3798,8
1834,11
1835,12
3795,9
3794,8
1838,12
3791,5
3793,11
2406,3
2407,8
2403,4
2408,8
2409,6
1955,9
1954,9
1956,7
1951,5
1953,11
14069,7
3248,12
7318,6
3243,6
3242,12
3241,1
7310,13
7312,6
11902,0
11901,4
13259,0
18419,9
11908,9
13257,0
9001,0
12908,7
12906,0
15621,3
7030,8
7031,3
1481,1
1480,1
7034,0
1486,0
1485,12
3309,7
5495,13
1488,12
5490,4
3303,7
3300,6
5493,8
2798,9
4318,10
3157,0
613,9
15488,12
18188,7
1274,8
15480,12
7788,3
7789,3
7785,1
12149,4
7781,11
2063,4
14681,7
2797,21
519,7
518,13
1007,6
510,6
513,4
1004,12
515,4
514,9
516,3
623,4
622,1
621,1
627,0
626,1
624,5
629,7
13715,8
6536,7
6537,0
8293,9
8292,10
8294,6
6531,11
8298,0
4345,1
4344,8
15009,13
6539,3
11019,0
14534,12
8246,12
14537,8
14532,5
8615,13
8614,3
8616,3
15562,6
14568,0
8619,6
14650,3
3879,0
3871,5
3872,5
11337,4
8473,7
7566,3
7567,3
7560,3
5710,12
11484,6
11482,6
13896,11
4166,5
4165,0
9307,13
15407,5
4162,7
13890,8
4169,12
10126,1
8646,6
13143,12
8647,4
2239,7
2235,8
5936,4
5935,4
10825,7
10822,7
5931,0
5092,6
7814,13
7812,4
229,1
3497,13
3494,1
3495,8
3492,1
7818,0
13400,0
4572,5
2096,10
4575,6
2099,6
225,11
11665,0
11664,6
11663,12
11660,13
9782,9
11669,0
11668,13
12476,6
4493,5
4601,1
9379,12
9371,6
9370,0
9373,0
17791,0
17790,0
9377,7
17792,0
1825,22
1824,6
1827,7
1826,8
1822,0
2411,0
2146,5
2413,5
12474,3
2414,13
2140,11
2419,7
4975,7
4977,8
4970,2
3276,4
1923,7
1924,1
3273,5
3271,7
1929,5
7369,13
7364,0
491,11
12315,0
4222,1
13227,0
15638,0
15639,6
14943,7
14942,0
12911,13
15633,8
14948,0
9011,0
3318,1
9005,7
5585,12
7027,1
10229,13
7025,8
3313,1
3312,7
3315,7
3317,12
9008,0
5581,0
12402,13
1984,6
11899,4
18196,9
18195,9
6476,8
60,9
61,0
62,3
63,0
64,3
65,4
66,1
67,3
68,5
7790,3
7793,4
15365,9
7794,9
7797,22
14605,8
508,0
506,5
1033,7
504,4
14601,4
503,1
500,11
501,6
630,1
1213,12
632,13
633,11
1216,3
635,5
636,0
638,6
639,4
15011,3
6523,4
15542,4
6524,11
6527,1
15017,13
4372,4
6528,1
4371,1
8262,12
14549,7
14547,7
9127,0
15496,7
8665,0
15492,6
15493,4
13791,6
4081,9
3869,4
4083,4
4084,13
13794,4
4089,3
3865,4
8409,1
11325,4
8400,5
8402,3
8403,3
8405,4
8407,13
7570,13
7573,3
7575,0
7577,1
14283,9
9814,0
7578,3
5720,12
5726,10
5727,4
5724,0
14934,8
8812,7
6343,0
11491,3
1572,7
4153,5
4150,7
8087,13
4156,13
8081,6
4154,0
8083,7
4159,3
13033,9
4510,13
13467,12
8335,5
16564,13
4713,0
4167,6
6649,13
6644,12
6640,4
6642,9
15433,12
10812,12
5900,6
10810,9
10817,0
5907,1
5904,13
5905,1
8213,1
3489,7
7800,5
7803,5
7802,0
7805,6
3481,5
7808,7
15430,9
4561,4
13411,0
13416,7
13419,6
6399,1
11674,3
11675,8
11678,8
6390,1
2396,23
2395,0
2392,7
9427,5
2390,3
2391,11
2399,9
17788,0
17789,0
17786,0
17787,0
17784,0
17785,0
17782,0
17783,0
17780,0
17781,0
3076,1
3167,9
12539,8
1853,7
1855,5
1856,11
2172,8
5281,7
6066,0
2171,1
6060,3
6061,13
6062,7
4967,12
3161,4
4961,3
14044,6
1421,9
2606,5
2608,6
1933,10
10782,8
1931,21
1422,12
10785,12
3268,11
5126,3
5127,8
5121,5
5122,9
10032,4
17174,9
1426,5
7377,3
7946,11
7375,3
12323,7
9192,8
12327,4
12324,0
13233,8
11923,0
7941,6
14957,11
14224,7
14225,3
14950,0
14227,4
3360,11
14958,6
14737,5
10259,3
9033,13
9036,12
9034,9
7019,0
7017,1
7014,13
7015,5
7012,0
5042,1
10370,7
7239,11
751,1
756,13
759,0
15797,9
15796,9
15795,9
3781,4
15793,8
6881,6
2954,1
2955,6
2950,10
2952,1
2953,1
5344,1
5346,0
1026,11
1020,1
1023,4
5343,3
1800,12
1029,14
1028,8
1197,1
8990,7
8105,3
607,3
606,3
4361,11
600,8
4363,12
602,7
609,11
13960,5
3324,1
15572,9
15571,3
8279,0
8101,12
8274,0
8270,4
3109,11
3104,3
11073,9
13965,7
3325,1
3101,12
3103,13
8671,0
5,3
8674,5
8679,6
12209,12
4093,5
13783,0
4091,13
466,13
4094,10
1562,0
5735,8
5734,7
5736,9
11319,7
8413,10
8410,8
8416,6
12207,12
7589,12
5554,8
7587,24
7580,0
7581,3
6663,7
6664,0
6665,13
6480,7
15206,4
8093,11
8092,3
8091,0
15202,4
6486,3
4147,11
15209,3
15208,7
3856,10
3857,12
3854,11
3855,6
15395,4
3851,6
11145,4
10873,3
6659,10
6657,9
6656,6
12665,9
10808,1
5918,10
5914,1
16178,0
10807,6
5912,1
11301,6
4556,3
4557,12
13424,0
4552,6
4550,8
11684,7
11686,4
11680,4
2383,0
10515,4
3669,5
1949,7
7307,1
4549,0
1847,6
6077,7
3250,1
4958,12
6074,6
12082,10
6071,13
2165,4
2164,9
1512,11
6079,9
2617,4
2616,1
14033,12
7309,8
14035,0
5916,7
1947,10
13430,1
3298,0
3256,0
5139,8
5138,1
10026,3
5136,10
3296,4
5134,13
3291,1
10020,4
1901,7
13204,7
13203,9
13202,0
13209,6
18421,9
14963,7
14960,6
14967,4
14787,13
14784,7
7009,10
10240,7
9021,12
7006,8
8564,0
741,9
746,3
15613,6
748,9
6891,11
6893,1
1608,4
6896,1
2941,5
1050,9
1051,0
1052,3
5353,8
1055,4
1057,6
12548,4
9896,0
4310,9
1279,12
618,11
619,9
612,1
1271,16
610,10
616,4
617,0
614,6
615,3
8798,12
8799,4
8249,3
14560,7
8790,1
15565,9
8792,1
8793,5
15560,8
8247,7
11049,9
11048,7
5460,0
3117,6
3113,3
3112,1
8649,1
15968,0
15969,0
8645,0
8642,12
8643,1
8640,3
8426,17
8420,4
5740,7
5744,1
14210,6
5748,12
9124,1
11302,0
9838,9
9839,8
5038,5
7599,3
7597,5
7596,13
7595,11
5039,6
9892,4
5267,10
10653,3
5262,7
15213,8
4136,3
15219,9
5693,7
3845,10
5694,1
5695,0
3849,12
3848,0
5699,7
13290,9
4432,6
7913,13
16545,5
16544,5
12658,10
4439,7
12655,8
5432,15
5968,0
5969,1
7,7
16145,6
5963,4
5966,3
5967,12
17540,13
13438,3
4541,12
4543,0
4542,12
4544,0
13436,5
5371,1
11550,12
11697,12
11692,0
11693,3
2378,7
2376,7
2370,8
11554,13
1875,12
1873,0
1878,10
4945,5
4940,11
4943,3
5436,10
4948,7
2118,8
6040,4
181,3
6046,8
6044,16
2110,6
2111,4
2113,3
2620,5
2626,13
2627,0
2624,7
2629,8
9582,8
7350,8
7353,8
4018,7
9586,0
9239,10
9584,5
3287,1
9235,5
1913,3
1914,6
9232,8
1916,10
12348,13
12345,1
4011,8
12346,0
14798,8
881,4
887,3
886,10
885,4
884,11
13706,4
888,4
14796,7
14797,8
9051,12
15390,7
9054,10
9055,0
7504,6
354,7
11139,3
7500,0
5792,5
352,10
772,13
779,11
77,13
76,4
74,3
73,3
72,12
71,3
2972,12
6865,4
6860,0
6861,4
79,7
78,4
5362,1
1042,1
5366,11
1046,5
5364,12
1044,0
1048,12
5108,8
7352,6
3982,8
9238,8
9888,0
4302,4
4300,4
8251,13
3289,6
669,1
8252,7
666,3
4309,3
4308,7
663,4
662,4
661,4
8789,1
8788,7
14575,7
14576,5
1910,4
8783,7
8782,1
8781,8
15512,8
8787,1
5100,7
3129,6
17849,4
7331,8
3120,11
7617,0
7610,12
3127,5
5107,11
8658,0
10015,1
8651,3
8652,11
8655,3
8654,12
8657,5
8656,7
8431,3
8437,4
8439,11
3976,8
1505,13
5751,10
5755,1
5199,6
9829,6
6125,7
15190,13
15193,8
15198,3
15223,6
12501,9
15226,6
15225,8
4123,13
4121,12
8511,1
4126,4
4125,4
4124,0
7435,11
7436,0
7430,7
5688,6
5685,1
2752,1
7438,5
5682,0
4707,5
4604,0
6676,8
6671,2
16084,0
16085,0
11514,3
2324,8
11511,1
5979,8
5978,1
5970,12
16154,0
5976,13
17203,3
17201,0
17200,0
14978,1
5252,8
13432,0
3125,11
2369,1
2367,1
2366,3
2364,1
2363,0
2361,10
2585,12
2582,6
13433,5
13284,3
2588,3
1861,7
10952,9
1865,9
5250,4
1869,5
3726,1
3720,4
283,3
3723,5
4684,9
4933,4
4683,1
4681,6
4939,4
2109,4
2108,1
6059,7
2107,0
2106,1
6053,8
10470,6
5114,8
10007,5
2639,0
5113,10
2637,0
14013,9
14012,7
14011,4
14010,7
9225,11
9223,16
9220,10
9,4
12353,13
12350,9
12356,13
12355,13
890,4
891,3
10263,4
895,1
896,12
898,6
439,0
14904,4
14907,7
9046,7
3545,13
3546,1
3540,8
3543,2
1711,0
3549,5
2963,3
2962,3
762,1
763,12
1782,8
1786,11
765,9
6879,3
6875,3
6873,7
6872,11
6870,12
11872,0
5379,1
5378,1
1079,0
5376,13
1072,12
1073,11
5372,1
13007,6
13006,13
13000,1
8223,0
678,26
679,3
4339,1
4336,9
675,1
676,3
4335,5
4332,6
671,1
672,1
673,0
3135,13
3137,7
3130,0
14585,12
14584,8
15504,1
15505,6
7609,13
7607,7
7605,3
7603,0
7601,11
15988,5
15986,5
7321,3
1532,0
9850,9
9855,3
9857,13
5766,7
5767,10
5764,10
5765,10
5761,8
15187,13
15185,11
15180,12
5181,10
1256,13
1257,0
1254,11
1252,3
12444,4
4114,10
4113,12
4118,12
7895,8
12518,1
8194,7
15237,6
7427,0
7426,5
6731,1
7422,3
7421,13
6869,13
5184,7
16529,6
989,0
2973,12
7501,7
5946,11
5947,11
5944,13
5943,12
5941,12
11506,7
2976,3
11503,3
5151,1
6862,13
4639,4
9268,8
5363,3
12187,0
12185,6
12182,0
10481,6
5365,3
2358,1
2359,13
2352,1
2356,6
2357,1
2355,1
1898,13
3739,0
3738,6
1894,1
1895,3
1896,12
3734,3
1802,5
1893,0
2136,0
4922,5
4697,10
2131,1
4699,8
7451,26
2139,6
6029,5
11722,6
11721,4
6020,4
6024,3
6026,10
6027,11
2648,5
5161,13
5164,3
5168,8
5169,5
14002,8
2643,1
2644,0
14006,12
14007,13
9219,6
17078,5
9210,11
17077,5
17071,0
12366,13
12364,9
12368,0
9690,10
9077,0
14918,4
9073,11
9070,10
10294,0
14916,6
10292,3
4307,8
8250,1
3554,13
3552,0
3551,8
668,0
9236,8
3558,7
1262,3
2912,1
1798,11
719,1
718,1
1793,5
8259,3
1790,8
713,1
712,1
711,12
710,12
6849,6
1265,3
2072,10
6842,6
6843,10
6307,8
1068,0
5301,0
4173,3
1067,7
1066,13
13014,13
13011,5
1525,12
14,16
8232,5
6592,9
15534,8
6595,4
8235,10
8234,1
6598,1
6599,1
16479,12
8238,8
15539,0
3142,6
3143,0
3146,4
3148,7
12288,13
7639,6
7633,7
7130,8
5779,7
10753,0
5775,4
2497,3
5777,7
5776,0
1537,1
3093,4
1243,7
1242,0
645,4
3097,1
1247,12
646,1
1249,3
648,2
3098,6
1632,13
17847,0
3121,6
16340,3
4104,13
2061,1
7613,0
9315,12
15244,12
15247,5
15246,8
3898,7
3899,1
7415,9
3892,8
3890,11
7419,8
3897,7
3894,4
7783,1
2922,5
12623,7
6611,7
6610,1
9151,11
6618,1
13508,3
15996,0
12050,3
10849,5
11536,3
5342,9
238,3
12198,9
4611,12
236,3
2344,3
2341,0
2340,8
2342,11
1310,0
232,13
3708,17
17668,6
3703,12
3700,4
3707,8
1881,6
2120,6
2123,0
2122,0
4668,7
2124,11
4918,6
2126,12
4664,11
4917,0
4666,3
4667,7
4912,8
15427,12
4662,3
4911,0
6445,6
17264,9
6033,5
6031,11
6030,4
6037,1
6034,7
5173,13
5176,3
9203,0
5174,0
2652,4
2651,6
10069,7
2656,6
133,11
132,1
7388,7
130,13
137,8
136,3
135,4
134,0
17001,7
17000,7
7380,1
17002,0
7387,0
7384,10
12372,9
5758,4
12379,13
13523,11
4232,4
10831,12
12438,10
10830,0
9060,1
9063,7
9062,16
10833,7
9067,7
15346,6
3562,10
3561,3
7250,3
7251,12
7252,8
7253,13
3568,1
3569,5
7259,7
5929,8
13395,3
4487,0
4480,12
4482,13
13392,7
13399,0
2903,12
2902,12
2901,0
2900,7
708,12
709,1
704,1
705,12
2909,1
707,3
700,6
701,10
703,8
11883,8
11882,8
88,7
1906,4
11887,0
14618,3
11884,5
82,0
83,3
80,10
81,6
86,1
87,10
84,1
85,6
5319,0
5318,9
1773,3
5314,7
14926,6
8806,0
13027,0
14294,5
14920,0
14299,1
13029,12
15520,6
6580,8
8758,4
6584,0
8754,3
8204,4
8205,1
8202,0
8751,0
8753,11
7625,10
7627,3
7626,6
7621,1
3156,5
3155,4
3158,4
7628,1
3211,4
10266,9
1637,11
1260,12
9876,8
3032,3
14434,6
14430,13
11153,3
3368,6
13478,7
15264,3
656,1
1503,7
654,0
655,5
652,18
653,7
650,13
312,11
3085,11
3086,3
3081,6
3080,0
658,4
659,1
317,13
6999,9
8574,1
8575,5
8577,5
3946,7
8573,5
9197,0
3947,0
13801,6
1885,3
3884,1
15258,9
3886,1
3881,4
3880,13
15253,13
15256,5
3888,10
12575,12
7405,13
7407,9
7403,0
16055,8
16054,8
11525,6
6628,3
8324,6
6627,5
6624,4
6621,1
6705,13
8323,13
8771,3
564,4
14237,9
15097,6
15019,12
4714,4
2331,3
13627,10
2333,5
4711,1
2337,1
2338,11
2339,1
4718,6
4719,1
15229,7
3714,3
4120,8
3711,9
6337,13
15659,4
3719,0
8189,7
13569,7
2486,10
4900,0
4903,8
4902,10
2482,11
4672,17
4907,7
4670,1
17272,9
17273,7
17270,9
17271,9
17276,7
17277,7
17274,7
17275,7
17278,7
11700,4
994,1
7397,11
7396,13
9274,3
993,3
5147,6
5144,1
10054,13
999,13
998,7
121,3
122,7
123,1
124,5
125,3
126,5
5684,25
128,13
3379,12
12385,8
12384,12
7086,4
10349,7
12383,4
5425,10
10724,3
9168,7
1185,7
3373,8
9096,0
5072,5
10727,8
9166,13
5098,1
5099,16
9167,7
7242,13
7240,5
3577,7
5095,3
7249,11
7248,7
2666,6
13387,5
13384,13
2662,7
9162,3
2661,4
5075,6
4498,9
6820,1
6825,4
6827,12
6828,3
2937,12
8187,6
2931,13
5326,4
10544,12
5325,13
5322,6
5323,3
5321,13
11894,12
11897,3
10549,0
14603,8
14600,7
5329,4
14365,3
8816,8
14280,7
8813,4
13039,0
14939,0
14288,12
729,7
13030,13
13031,4
13032,10
8818,13
15384,1
11092,8
12296,6
8745,5
8212,12
8215,5
8217,10
8740,1
6496,6
7654,11
3168,8
15380,9
3164,3
8175,1
4429,1
17842,0
730,5
733,13
732,5
734,13
737,4
736,5
739,8
9568,4
13581,6
4241,1
930,5
937,1
2667,0
936,11
1518,7
1515,1
1517,3
1511,5
5525,9
8567,4
8566,11
12544,3
8563,8
8562,3
14848,3
13815,0
13812,7
13813,12
6965,1
14849,6
6947,4
5388,13
7475,1
7476,11
7477,12
1339,1
16047,0
16045,9
11833,9
6639,5
6638,9
14842,4
6631,8
6630,3
6635,9
6637,9
10861,3
1897,10
13329,7
7021,5
13636,10
2321,3
2320,11
4700,3
2329,12
1299,13
6968,8
4518,5
3760,0
3762,8
3766,9
263,13
13663,5
261,6
267,4
266,8
265,4
264,7
269,8
17395,7
17394,12
17396,7
6010,3
6016,12
2490,13
2493,4
4641,4
4644,0
7315,11
2314,0
7896,4
7894,5
17244,7
17242,7
17241,7
7891,7
9263,12
5158,1
988,7
9260,3
9267,8
9266,3
10738,8
9264,0
982,4
983,9
981,5
10044,0
5154,0
10047,8
114,3
117,0
116,5
111,0
110,3
113,8
112,0
119,6
118,9
4876,1
12396,0
12393,7
10598,13
1388,3
9086,11
9084,5
3508,1
7273,9
5088,12
7275,4
5086,11
3506,7
641,3
2673,11
2672,3
2675,8
7029,4
2678,13
1209,0
2929,1
2928,10
6831,7
6837,3
6836,8
6835,8
6834,13
6838,5
2925,4
2924,1
2927,5
2926,13
10556,7
5332,4
5334,7
5339,8
14637,7
13820,7
8822,5
8820,9
8826,5
8827,3
14287,6
13043,0
8829,1
15098,7
8779,2
15091,8
15092,7
15093,4
8777,8
8775,10
163,9
7640,8
7647,8
7646,1
3171,4
3173,1
3172,3
3175,4
3174,3
1483,8
11422,0
6541,7
14208,6
727,24
724,3
725,6
722,8
1749,13
720,9
721,1
1747,1
5499,8
1160,8
3308,3
1163,12
9013,1
1169,11
9130,7
7295,0
472,5
14411,4
14417,13
14418,7
1568,5
1298,0
471,1
10647,7
1293,6
1290,0
14205,4
1296,0
1565,9
1567,9
797,9
9138,12
796,6
475,13
795,13
8552,7
15271,12
8550,5
8551,3
8556,0
8009,0
7462,10
8005,10
8007,3
8002,13
8003,0
5638,1
5634,1
5637,0
5630,8
5631,1
5632,6
5633,11
8482,6
8484,9
3199,0
8486,8
8487,1
7463,8
8489,11
7466,10
